1 675.1522827148438 163.81472778320312 688.52392578125 192.1446990966797 46.416214 -4.534266 0.041064 1.807348 0.409238 1.775005 0.154415
2 680.0980834960938 165.52085876464844 693.8096923828125 192.67376708984375 45.933559 -4.812216 -0.035128 1.231931 0.427861 1.693362 0.281545
3 678.5067138671875 165.9734344482422 691.0722045898438 193.67691040039062 46.056465 -4.68521 -0.076812 1.735568 0.382198 1.723374 0.141771
5 387.0426940917969 184.2275390625 415.8341979980469 203.5838623046875 58.854263 16.944351 -0.962943 3.827872 1.612041 1.454939 0.108272
9 709.5758056640625 171.37718200683594 745.1254272460938 197.13450622558594 44.691017 -7.117318 -0.352435 4.044856 1.65428 1.511985 3.10832
12 674.3880004882812 158.7046661376953 687.6229248046875 185.01174926757812 46.228981 -4.468238 0.423211 1.705547 0.460274 1.643383 0.13243
15 944.1760864257812 139.93077087402344 968.1943359375 204.37620544433594 20.667027 -9.713556 0.057852 0.644558 0.506854 1.786805 2.869259
16 202.3427276611328 191.12428283691406 275.2745361328125 222.94454956054688 39.498619 20.134653 -1.260516 4.117173 1.685718 1.530121 3.090333
17 693.8541870117188 178.36019897460938 741.669921875 210.09664916992188 44.152248 -6.533152 -0.934795 3.859604 1.856571 1.802192 2.705398
20 691.69482421875 178.92176818847656 720.7310180664062 208.8583984375 44.724937 -5.901988 -0.920222 4.142994 1.678895 1.716527 2.985811
21 647.8950805664062 173.30667114257812 696.0004272460938 198.50201416015625 46.246983 -3.826788 -0.422001 4.543278 1.359391 1.519127 3.463973
22 929.3629150390625 138.82936096191406 965.4088745117188 200.25552368164062 20.91148 -9.567243 0.133484 1.525096 0.635203 1.686848 -3.373749
25 131.33456420898438 178.7464599609375 195.80690002441406 206.27386474609375 42.053196 25.819157 -0.465466 3.590734 1.672299 1.493179 0.059702
27 914.3088989257812 161.1073455810547 949.1660766601562 226.7614288330078 19.43322 -8.462468 -0.510904 0.663695 0.629913 1.711712 -0.003627
29 298.4717712402344 190.79083251953125 388.38250732421875 236.31829833984375 27.1936 9.883451 -1.138002 4.100621 1.671912 1.461763 -3.190895
32 707.7628784179688 178.79193115234375 748.15625 209.5261688232422 43.688324 -7.076086 -0.929164 3.907048 1.740512 1.722512 2.80308
34 39.8896484375 201.60919189453125 165.33738708496094 250.01573181152344 24.687412 17.062119 -1.362811 3.821504 1.514276 1.354426 3.126152
35 162.73825073242188 188.48226928710938 221.15386962890625 214.89065551757812 41.915653 24.116179 -1.014476 3.315575 1.269842 1.387666 -0.073643
38 921.2427368164062 144.0740203857422 948.1683349609375 211.47886657714844 21.199009 -9.351732 -0.091905 0.633671 0.678783 1.912868 -0.476591
39 955.73095703125 137.18116760253906 994.9261474609375 223.6855926513672 15.34603 -7.550012 -0.148026 0.744036 0.576938 1.75411 -0.241898
40 681.8233032226562 164.00930786132812 699.2860107421875 190.7906494140625 46.033813 -5.050676 0.069249 1.382617 0.619565 1.670287 0.279799
45 664.90966796875 178.77679443359375 706.5423583984375 212.27317810058594 33.922501 -3.438967 -0.77362 3.292252 1.836017 1.453152 3.052108
47 218.5580291748047 186.87451171875 287.6669921875 217.78697204589844 39.650604 19.459797 -1.023837 3.414112 1.668628 1.536741 2.958901
50 646.8659057617188 177.22784423828125 683.8359375 209.57754516601562 35.482254 -2.683043 -0.69075 3.742606 1.516392 1.465917 2.987962
51 638.8311157226562 165.86903381347656 677.0333862304688 188.80059814453125 44.238979 -2.911015 0.095772 3.611583 1.521657 1.335066 2.839205
52 947.8331298828125 136.59576416015625 998.7566528320312 223.84788513183594 15.089949 -7.385375 -0.141648 0.786706 0.522489 1.733475 0.672722
54 373.22564697265625 184.92002868652344 405.053955078125 202.97291564941406 61.196133 18.658566 -0.996194 3.445502 1.926881 1.418115 3.239266
58 215.5330352783203 186.75466918945312 287.90838623046875 218.3682861328125 39.748402 19.689953 -1.028046 4.311243 2.063652 1.547808 -2.291821
59 623.5234985351562 174.4083251953125 649.625 197.0235137939453 49.191338 -1.712884 -0.420323 3.872674 1.652848 1.463555 -0.007528
64 259.52227783203125 180.33229064941406 309.3089294433594 203.017333984375 51.176769 22.965904 -0.597933 3.290718 1.816949 1.510192 3.050282
65 944.9297485351562 144.54959106445312 1013.1399536132812 183.95765686035156 29.019938 -14.561455 0.395229 3.2538 1.899646 1.469405 -3.446361
67 206.14712524414062 189.21990966796875 254.70127868652344 214.96434020996094 46.030785 24.153021 -1.159922 4.056993 1.309216 1.484965 0.86503
68 934.2410278320312 150.06565856933594 960.9227905273438 214.1803741455078 20.857481 -9.563274 -0.216852 0.618089 0.593387 1.790348 2.534543
69 653.1882934570312 172.7878875732422 680.83837890625 197.88954162597656 47.543125 -3.641818 -0.398593 4.060359 1.269589 1.57223 -3.085884
70 262.42730712890625 183.3820037841797 308.5218811035156 205.00315856933594 56.339546 25.218966 -0.850101 3.39904 1.552552 1.571615 -3.35455
71 895.5296020507812 143.79124450683594 923.3068237304688 207.15602111816406 22.31978 -9.084597 -0.016224 0.52356 0.760779 1.900115 -0.43842
72 938.2601928710938 150.49411010742188 961.5094604492188 212.22767639160156 20.672127 -9.534165 -0.195028 0.678168 0.56519 1.708147 -0.397259
75 687.8566284179688 171.10227966308594 729.7950439453125 192.74786376953125 49.755356 -6.759611 -0.223776 3.699497 1.457187 1.425433 2.581461
77 1026.4149169921875 132.67774963378906 1078.411865234375 212.43280029296875 14.787539 -8.821966 -0.007693 0.715381 0.542054 1.572434 -1.59475
79 509.0599060058594 175.2923583984375 565.9287719726562 199.30392456054688 48.059982 4.793108 -0.439676 4.227804 1.971429 1.496508 2.744867
81 447.3648986816406 182.9753875732422 490.82855224609375 208.33302307128906 43.154484 8.382862 -0.858017 3.456173 1.44424 1.391484 -3.296676
82 897.9425659179688 146.113037109375 994.51416015625 194.5350799560547 25.019602 -11.354909 0.147082 3.528035 1.598017 1.540514 3.165947
83 326.9226989746094 176.75856018066406 371.48516845703125 193.7791748046875 63.036221 22.676933 -0.231816 3.853827 1.894017 1.408656 2.930623
84 807.1495971679688 153.211181640625 832.2007446289062 205.24815368652344 25.813093 -7.36099 -0.104359 0.759501 0.691858 1.807018 -1.998236
87 635.8136596679688 174.1255645751953 686.322021484375 199.8062744140625 42.652313 -2.991972 -0.451793 3.87851 1.693939 1.425094 2.708203
88 460.62078857421875 190.3887939453125 494.4940490722656 221.60716247558594 40.970085 7.482313 -1.389136 4.190454 1.627588 1.559743 -3.021229
89 929.0671997070312 139.46470642089844 980.1787719726562 199.99464416503906 20.839256 -9.757541 0.126356 1.276451 0.568996 1.677335 -2.088125
92 798.799560546875 146.7894287109375 821.0849609375 203.61935424804688 25.814781 -7.019254 0.039107 0.793812 0.721893 1.972224 -3.461311
96 500.4711608886719 181.22247314453125 531.164306640625 200.98851013183594 51.774464 6.737946 -0.739486 3.65106 1.493693 1.315787 3.076081
98 300.6893615722656 180.0984649658203 341.7722473144531 198.56541442871094 58.010502 23.110415 -0.520924 3.276428 1.736586 1.399028 3.042342
100 966.4349365234375 124.65113830566406 1014.69091796875 215.54153442382812 15.328713 -7.861476 0.058339 0.708201 0.62502 1.849899 0.019731
101 462.40887451171875 183.84007263183594 491.64251708984375 209.50303649902344 43.69598 8.019968 -0.931156 3.793283 1.555972 1.412797 -3.00618
102 587.5299072265625 180.79551696777344 627.4617309570312 208.77305603027344 37.790638 0.143903 -0.781551 3.623124 1.625783 1.338677 3.016323
103 701.3707275390625 163.84194946289062 736.1793212890625 187.2591094970703 46.12397 -6.823497 0.169865 3.217436 1.876242 1.434118 -3.192293
105 628.7843017578125 173.75680541992188 669.7437744140625 196.0001678466797 49.329071 -2.577148 -0.375018 3.40922 1.705024 1.449207 0.298516
107 893.72021484375 184.73594665527344 924.3811645507812 247.35523986816406 20.582802 -8.335816 -1.144041 0.63506 0.572468 1.709892 -0.857714
108 904.4528198242188 146.76438903808594 928.5245361328125 209.74264526367188 22.326841 -9.294276 -0.101805 0.596765 0.654239 1.889348 -0.3638
109 810.869873046875 164.9202880859375 878.8181762695312 200.3090057373047 32.994061 -10.490853 -0.255369 4.053332 1.947485 1.502389 -3.19553
111 438.7943420410156 183.88241577148438 479.11822509765625 208.83148193359375 43.718292 9.100989 -0.904987 3.639068 1.629586 1.382504 -3.153123
113 679.0101318359375 167.79714965820312 688.60595703125 196.11293029785156 46.195728 -4.639981 -0.215274 0.780895 0.50611 1.785987 0.0335
114 166.751708984375 192.58480834960938 267.79266357421875 228.55091857910156 33.319511 17.926826 -1.210328 3.948309 1.896112 1.422181 2.899069
115 614.5139770507812 164.9148712158203 629.6842651367188 184.128173828125 63.831493 -1.026991 0.435929 1.141256 0.729672 1.674958 2.288227
118 206.7674560546875 197.81166076660156 276.24932861328125 234.4625701904297 32.222729 16.283094 -1.432149 3.8229 1.319142 1.388179 3.201525
119 660.9437255859375 174.7728729248047 681.38427734375 190.31494140625 66.505676 -5.540065 -0.306104 3.949054 1.724242 1.37228 3.093415
120 352.54718017578125 177.64718627929688 379.4333801269531 193.95748901367188 65.506119 22.064846 -0.30414 3.951577 1.695865 1.39939 3.307446
121 421.5424499511719 184.91285705566406 454.42877197265625 202.43075561523438 60.475372 14.360462 -1.003885 3.850383 1.639204 1.347638 3.086012
123 8.37647819519043 210.26229858398438 107.10334777832031 247.13723754882812 34.775188 26.382601 -2.054149 3.241536 1.88557 1.476138 2.790897
125 358.18115234375 185.19210815429688 389.9124450683594 203.79258728027344 59.982742 19.537701 -1.009232 3.316528 1.884926 1.433311 -3.022365
126 464.69183349609375 181.95144653320312 494.0832214355469 200.6526336669922 54.727219 9.878706 -0.771237 2.963696 1.718604 1.334603 -3.128188
127 1085.94921875 132.265625 1144.7105712890625 233.9855194091797 12.404099 -8.409029 -0.201954 0.622859 0.570055 1.661754 -1.734604
128 323.368896484375 184.75636291503906 404.65216064453125 225.78184509277344 27.228487 9.161567 -0.856846 3.239972 1.826439 1.38293 3.100216
130 564.1131591796875 180.8155517578125 609.0966186523438 208.946533203125 37.925148 1.228861 -0.777063 3.640303 1.719598 1.34965 2.992892
131 380.03076171875 186.58770751953125 451.523681640625 230.69712829589844 25.948671 6.887041 -0.949435 3.540028 1.562554 1.392283 3.132237
132 563.7454833984375 180.89987182617188 631.2418212890625 221.4043731689453 27.632002 0.467795 -0.798487 3.663307 1.447456 1.380751 2.827976
133 681.0735473632812 167.20587158203125 693.6967163085938 194.8775177001953 45.944881 -4.842408 -0.159366 0.680288 0.50717 1.735047 0.462872
136 540.4271850585938 180.7061309814453 586.753662109375 208.453857421875 38.444107 2.460825 -0.759579 3.603485 1.795213 1.352842 3.014795
138 1043.1552734375 144.19276428222656 1089.591064453125 228.0930938720703 13.944936 -8.569823 -0.265661 0.562974 0.490436 1.552568 -1.316729
139 816.6483764648438 171.02301025390625 862.0347900390625 203.67303466796875 32.142502 -10.009383 -0.448232 3.406583 1.520029 1.359288 -3.332272
140 826.7893676757812 136.13778686523438 849.1516723632812 176.98818969726562 30.415806 -9.473782 0.813847 0.677129 0.588406 1.682375 -1.041616
141 233.3731231689453 196.44589233398438 313.80853271484375 231.5695037841797 33.165123 15.299294 -1.394774 3.686805 1.617859 1.38025 3.020524
143 890.5364990234375 163.21539306640625 924.0801391601562 217.78131103515625 21.903635 -8.837422 -0.458504 0.634882 0.686677 1.605232 0.238922
144 963.66015625 139.30758666992188 995.103515625 202.41677856445312 19.832817 -9.943357 0.080534 0.582375 0.521651 1.686901 -1.560626
145 86.83578491210938 135.16673278808594 147.4508056640625 159.90582275390625 44.604721 30.246502 2.236346 3.467514 1.594342 1.394322 3.233464
147 409.8564758300781 180.74908447265625 452.7098083496094 210.16355895996094 40.092941 9.856748 -0.755399 4.10937 1.714159 1.489394 -3.045696
148 757.6051025390625 168.4239959716797 800.402587890625 204.46075439453125 31.442867 -7.181348 -0.372545 3.694568 1.490513 1.459413 -3.287168
149 1070.9857177734375 159.78089904785156 1121.7093505859375 245.92160034179688 12.818097 -8.373613 -0.53981 0.623906 0.406294 1.46548 -1.390958
150 688.8496704101562 177.29766845703125 718.2904663085938 203.5604705810547 45.37709 -5.797862 -0.72441 3.738037 1.749323 1.545086 3.005971
151 681.4196166992188 169.27162170410156 715.8826293945312 191.5843505859375 51.459526 -6.198328 -0.122286 3.274597 2.145249 1.530768 3.107099
152 248.14439392089844 195.22377014160156 338.40545654296875 230.76466369628906 31.377958 13.621454 -1.284872 3.546421 1.711256 1.315747 2.874169
153 361.2958679199219 182.56800842285156 439.4833984375 224.96994018554688 28.302469 8.093407 -0.832414 4.137915 1.720137 1.466661 3.10932
158 923.7669067382812 146.8516082763672 954.9383544921875 205.84591674804688 21.001883 -9.396212 -0.052971 0.580059 0.662064 1.658497 0.680984
160 903.1669921875 116.65274810791016 927.2081909179688 182.82679748535156 19.173141 -7.934912 0.634788 0.58991 0.57142 1.698017 -0.39497
162 816.5438232421875 156.64022827148438 844.111083984375 209.94097900390625 25.789581 -7.721982 -0.249329 0.601906 0.720945 1.850253 -1.118602
163 453.07354736328125 183.90882873535156 514.4608764648438 216.7681884765625 34.458347 5.971152 -0.907494 3.791797 1.425672 1.402618 -0.252922
165 230.7222137451172 188.60569763183594 302.8477478027344 220.05731201171875 39.614227 18.687056 -1.135453 3.753866 1.589729 1.539324 -0.212993
166 702.605224609375 169.7397003173828 742.291015625 235.45867919921875 18.650095 -2.790874 -0.647094 0.751569 0.658306 1.629475 -1.058547
167 367.862060546875 178.3479461669922 462.94879150390625 215.7657012939453 32.156986 8.52957 -0.653352 4.615231 1.942339 1.48586 2.858751
168 607.0325927734375 176.07696533203125 641.05224609375 206.61019897460938 37.377625 -0.678986 -0.598469 4.067566 1.652598 1.464112 3.113054
170 635.5794067382812 178.8213653564453 657.2846069335938 197.28652954101562 57.114819 -2.83767 -0.680505 3.764202 1.650854 1.372914 -3.204105
171 686.6004638671875 164.59349060058594 709.7642822265625 183.4989013671875 58.470375 -7.043174 0.368394 3.251802 1.791047 1.479894 3.0389
173 424.04766845703125 182.9447021484375 474.6522216796875 206.71255493164062 45.863743 10.162243 -0.84715 3.158332 1.814405 1.393297 2.85276
174 30.529743194580078 191.1909942626953 102.43841552734375 227.52529907226562 34.554104 25.782942 -1.127066 3.454028 1.694588 1.532743 -2.828551
177 659.692138671875 177.71319580078125 688.7418823242188 200.81021118164062 51.165356 -4.489202 -0.713349 3.732306 1.965716 1.539635 3.042043
178 924.0765991210938 147.77220153808594 956.1420288085938 211.7453155517578 21.206091 -9.509715 -0.149535 0.58133 0.757908 1.813426 0.709225
179 784.0733032226562 155.71974182128906 845.8212280273438 192.97976684570312 32.392467 -8.996637 0.105533 3.353712 1.662241 1.569676 -3.095096
181 222.5660400390625 191.61329650878906 304.143798828125 221.5304718017578 40.231754 19.192936 -1.276323 3.73435 1.684368 1.467126 -0.588064
186 665.5758056640625 175.38059997558594 719.7205810546875 215.80477905273438 31.19805 -3.488703 -0.696177 4.318777 2.144436 1.588303 -3.263886
188 557.40087890625 193.981689453125 609.3716430664062 230.32257080078125 35.567039 1.30318 -1.555127 4.167471 1.695694 1.536661 2.964765
191 181.16290283203125 189.9126739501953 244.31979370117188 214.7467803955078 42.351501 23.166958 -1.077679 2.976619 1.634333 1.313417 -0.248338
192 974.3662109375 123.61805725097656 1018.0390625 208.34536743164062 15.330807 -7.98319 0.140844 0.721818 0.527609 1.724556 -0.007919
195 579.8287353515625 177.25086975097656 613.2227172851562 209.8296661376953 34.526001 0.678402 -0.638724 4.407039 1.482442 1.419216 3.149817
197 116.36521911621094 195.4599609375 213.32467651367188 236.0565948486328 31.13747 18.978561 -1.330059 3.706188 1.748807 1.51068 -3.1856
198 483.62481689453125 179.01002502441406 529.8411865234375 210.97634887695312 37.416508 5.310569 -0.720861 4.106111 1.626376 1.51682 3.098043
200 730.48486328125 189.19728088378906 776.9534912109375 230.5740509033203 30.218565 -5.825925 -1.299 3.82616 1.6551 1.509902 3.006594
201 685.9989624023438 173.06744384765625 717.788330078125 195.70216369628906 50.064148 -6.252161 -0.386387 3.313878 1.497139 1.506609 3.231246
202 688.755615234375 165.645751953125 724.6460571289062 188.900146484375 47.908562 -6.37107 0.078912 3.612313 1.760964 1.470902 2.837428
203 85.35865783691406 199.44778442382812 193.96875 245.31500244140625 24.633387 15.816096 -1.269558 3.244304 1.573554 1.323609 3.151569
204 443.7214050292969 179.10809326171875 535.25146484375 215.40565490722656 30.312508 5.031064 -0.695697 3.44758 1.734028 1.443678 1.500138
206 378.8945617675781 186.8826446533203 408.2114562988281 210.7673797607422 44.678337 13.349695 -1.035461 3.208205 1.667858 1.34184 -2.864202
207 212.7919464111328 192.5345458984375 256.1382751464844 218.88609313964844 46.181671 23.885389 -1.391025 4.015772 1.451755 1.483088 0.21638
209 514.7034912109375 178.0868682861328 553.8999633789062 201.7840118408203 43.548508 4.55289 -0.56604 3.439655 1.397216 1.334591 2.95033
211 419.04638671875 186.1500244140625 475.9873046875 222.95700073242188 30.665405 6.829016 -0.967073 3.837429 1.685267 1.377894 3.184296
214 475.94580078125 182.72366333007812 536.3829956054688 216.9166259765625 32.893501 4.692423 -0.856806 3.406842 1.691 1.40819 -3.32912
215 211.2808837890625 188.23858642578125 303.45306396484375 217.6767578125 39.611774 19.1849 -1.067935 4.268513 1.882183 1.4775 -1.276811
216 193.59512329101562 191.0067596435547 218.7506561279297 213.73947143554688 55.031685 30.722862 -1.380396 4.125809 1.594794 1.545861 0.527027
220 242.69923400878906 177.49659729003906 304.9134216308594 198.89474487304688 56.763138 26.325577 -0.389918 4.162017 1.478564 1.633029 1.692123
221 294.17376708984375 184.54530334472656 336.614013671875 207.855224609375 48.56789 19.724884 -0.895406 3.118502 1.684195 1.456363 -3.095233
222 476.6310729980469 181.40228271484375 556.7024536132812 215.782958984375 32.134869 4.250876 -0.78059 4.378768 1.309529 1.368638 0.711476
223 622.6311645507812 166.5933837890625 661.380126953125 183.9362030029297 59.438671 -2.614212 0.327562 3.703293 1.531494 1.374518 2.574745
224 378.26947021484375 183.5659942626953 441.7060852050781 212.73260498046875 37.297829 10.255367 -0.837502 3.370548 1.867592 1.368257 2.966685
227 458.8615417480469 179.7340850830078 563.8519897460938 214.49546813964844 32.34166 4.380536 -0.747004 4.453602 1.700317 1.484267 1.589299
228 492.7344665527344 179.276123046875 581.8721923828125 214.09425354003906 31.319721 3.148697 -0.703995 3.260852 2.190687 1.40066 -1.82118
229 611.2241821289062 173.56689453125 667.115966796875 200.41448974609375 42.371384 -1.705779 -0.431987 4.25171 1.757486 1.475865 2.705896
232 347.8665771484375 186.32659912109375 430.13726806640625 229.9810333251953 24.929213 7.528143 -0.890909 3.154251 1.644506 1.330615 3.062706
233 890.0562133789062 170.5716094970703 912.3418579101562 227.54551696777344 20.682922 -8.166653 -0.670402 0.676937 0.556815 1.576887 -0.424938
234 578.6726684570312 176.43092346191406 620.2149658203125 199.4793243408203 50.087032 0.727248 -0.547932 4.525902 1.556062 1.490636 2.844487
236 140.5212860107422 153.51947021484375 203.53875732421875 176.75692749023438 47.544365 28.712177 1.220928 3.316091 1.493334 1.492343 -1.690941
237 418.0108642578125 182.10391235351562 480.540771484375 211.48414611816406 36.274899 8.009787 -0.766906 3.50546 1.84348 1.340199 2.96755
239 467.7029724121094 184.1912078857422 556.3577270507812 218.29388427734375 32.295467 4.345147 -0.903428 3.932718 1.515404 1.354802 -0.677993
240 124.62421417236328 187.148681640625 189.14627075195312 212.1332550048828 50.341961 31.413773 -1.042755 3.663809 2.077446 1.59385 3.097519
241 470.624755859375 179.63157653808594 584.48193359375 216.29769897460938 31.267067 3.602742 -0.745251 4.535555 1.819024 1.456347 1.955098
242 216.4796905517578 189.57827758789062 295.8243103027344 217.96591186523438 39.084709 19.088972 -1.097266 3.910205 1.668569 1.39566 -1.967016
243 608.7374267578125 184.53164672851562 695.6226196289062 220.92971801757812 30.624279 -1.666226 -1.004869 3.45941 1.620328 1.452319 1.64691
244 44.81148910522461 200.44219970703125 123.77467346191406 231.63523864746094 34.125195 24.661392 -1.451196 2.623564 1.51943 1.287629 2.884405
247 876.6982421875 126.21168518066406 967.82373046875 177.98548889160156 20.984913 -8.951322 0.602586 3.237583 1.132083 1.378691 -0.847538
248 670.9744873046875 177.4365692138672 709.1640014648438 201.75143432617188 50.773338 -5.584301 -0.739856 3.704585 1.965102 1.605419 2.832479
249 835.0621337890625 137.10804748535156 850.1598510742188 177.4339141845703 30.387171 -9.655056 0.782077 0.683051 0.592866 1.659748 -0.302561
250 152.5111541748047 200.03785705566406 250.3608856201172 236.047607421875 33.054649 18.523867 -1.535414 3.704857 1.578064 1.382868 2.771094
251 360.66326904296875 185.6856231689453 424.3109130859375 217.8070831298828 36.022961 10.755133 -0.970477 3.9048 1.570881 1.427766 3.016626
252 781.0787353515625 134.17991638183594 872.2516479492188 169.13267517089844 33.997711 -9.987245 1.110735 4.168417 1.815089 1.5002 -2.730257
253 122.94361114501953 198.66481018066406 231.95530700683594 242.67901611328125 26.34363 15.569759 -1.307435 3.382175 1.639982 1.353205 3.016704
255 389.32464599609375 185.0736846923828 438.03509521484375 219.5945281982422 30.022348 8.096708 -0.849496 3.156542 1.726854 1.282288 3.338725
256 495.54547119140625 179.29661560058594 555.3007202148438 207.49945068359375 38.989407 4.532071 -0.681088 3.774913 1.850817 1.394718 2.854476
258 418.43133544921875 184.1969451904297 466.5012512207031 207.96656799316406 44.228668 10.20924 -0.890636 3.349198 1.918821 1.334893 -3.225085
260 675.0416259765625 165.1295166015625 703.0542602539062 185.097412109375 56.71743 -6.107336 0.281856 3.377111 1.796546 1.514924 3.148679
261 149.49623107910156 178.30340576171875 217.64962768554688 202.99783325195312 48.094387 28.226877 -0.416895 4.023511 1.559112 1.531077 -3.361188
262 85.3550033569336 195.59080505371094 183.94766235351562 231.29412841796875 32.138771 20.93704 -1.26137 3.669215 1.486249 1.357116 2.945045
263 410.22967529296875 182.7068328857422 451.2782287597656 211.1043243408203 37.786236 9.325862 -0.796352 3.331389 1.801886 1.356586 3.301902
265 652.266357421875 177.80264282226562 689.5612182617188 210.7653350830078 34.734688 -2.889009 -0.722369 3.589518 1.521011 1.461241 2.985137
266 600.144287109375 184.877685546875 649.5073852539062 228.01284790039062 26.693373 -0.537745 -0.972259 3.800533 1.549505 1.395707 3.051973
270 342.0473327636719 186.6264190673828 379.568115234375 207.14601135253906 54.924549 18.888943 -1.100154 2.930678 1.860323 1.455281 3.154471
272 448.8113098144531 184.451904296875 487.4586181640625 219.8227996826172 33.583599 6.551974 -0.95209 4.204236 1.593107 1.45347 -2.985625
273 846.8313598632812 135.95298767089844 967.1680297851562 183.605712890625 24.900816 -9.958804 0.488794 3.825656 1.593409 1.489395 -2.768902
274 485.6678161621094 181.2324676513672 540.8671875 210.46180725097656 38.384735 5.096922 -0.790572 4.060535 1.823951 1.40656 2.990218
275 645.6469116210938 187.3048858642578 730.8187255859375 226.14791870117188 29.060745 -3.016453 -1.108075 3.053194 1.663095 1.389505 -2.419751
276 292.68731689453125 189.91854858398438 370.76025390625 230.26467895507812 26.068895 9.920958 -0.981462 3.316118 1.457618 1.268898 -3.161735
277 79.74040222167969 200.64520263671875 181.05577087402344 256.0560302734375 22.279802 14.55084 -1.304626 3.658392 1.456362 1.388055 -2.888281
278 513.4139404296875 185.21580505371094 568.736328125 219.75271606445312 34.616707 3.276955 -1.038662 3.91019 1.530794 1.472932 -0.205986
279 57.215023040771484 199.37185668945312 197.60882568359375 248.9249725341797 26.368998 17.322134 -1.392532 4.288469 1.739836 1.469206 2.969112
280 531.2232666015625 181.71624755859375 599.7755737304688 217.19895935058594 34.182888 2.066673 -0.887516 4.383959 1.837262 1.492535 -0.2847
282 285.9587097167969 187.23806762695312 350.419677734375 211.20394897460938 46.697079 18.798828 -1.053388 3.424295 1.748268 1.405581 2.410352
283 827.6047973632812 139.1143035888672 848.148193359375 179.2154998779297 29.644333 -9.2244 0.68796 0.618847 0.503103 1.612577 -1.165189
284 1152.89501953125 141.39315795898438 1208.2802734375 231.48281860351562 11.899294 -9.110807 -0.260226 0.46029 0.533941 1.415226 -1.509498
285 506.3162536621094 185.73681640625 554.27978515625 219.13958740234375 34.761684 3.81492 -1.040151 3.700943 1.447495 1.437654 -0.128102
287 484.0992126464844 177.1540069580078 523.292724609375 202.8046875 44.601322 6.52857 -0.553359 4.257275 1.641336 1.473002 3.106085
288 306.0572814941406 184.66415405273438 341.96484375 207.92857360839844 47.487576 18.724504 -0.886738 3.058285 1.843387 1.410359 0.261164
289 335.2702941894531 182.0446014404297 370.04791259765625 202.55279541015625 55.732666 19.784771 -0.751059 3.656153 1.584336 1.474721 -3.074525
290 965.5733642578125 121.84249877929688 1101.1712646484375 182.89064025878906 18.615585 -10.550802 0.480653 3.356152 1.392874 1.407763 0.03312
292 357.7259521484375 183.67904663085938 392.96258544921875 201.565673828125 58.947666 19.095642 -0.846212 2.792546 2.107191 1.373897 -3.074109
294 365.6364440917969 184.78077697753906 428.9692077636719 218.1858367919922 34.247471 9.994959 -0.9145 3.739094 1.685021 1.419923 3.079573
295 162.80029296875 182.23854064941406 226.729736328125 207.54978942871094 47.289631 27.06395 -0.699304 3.043831 1.956023 1.539708 -0.412711
297 219.45077514648438 171.74766540527344 274.9361267089844 193.39630126953125 51.136898 25.546701 0.071944 3.996645 1.727949 1.464561 3.083341
299 852.90478515625 161.7744140625 878.492431640625 218.982421875 23.026125 -7.99528 -0.460685 0.694093 0.611348 1.768901 1.114262
300 628.4097900390625 184.7667236328125 717.6983642578125 221.2865753173828 30.031471 -2.483566 -1.011039 3.578701 1.493608 1.439119 -1.595281
302 943.912109375 121.5368881225586 975.8352661132812 190.25335693359375 18.229404 -8.650081 0.435569 0.711842 0.554102 1.666673 -0.704651
304 635.1915893554688 185.1658172607422 680.5436401367188 218.54530334472656 33.871292 -2.208254 -1.051409 3.427651 1.440048 1.405162 2.870324
305 461.25531005859375 183.2019805908203 516.1481323242188 208.70016479492188 44.181862 7.377204 -0.902533 3.994615 1.550425 1.41396 -3.482002
307 428.98291015625 183.68185424804688 468.7658996582031 214.75303649902344 38.224823 8.480944 -0.930262 3.756899 1.556217 1.491896 3.227467
308 385.35101318359375 181.68357849121094 473.720458984375 223.4528045654297 28.325865 6.991275 -0.803361 3.539162 1.707067 1.462616 2.823518
310 602.8306274414062 180.91470336914062 681.7095947265625 214.52386474609375 33.998302 -1.488773 -0.854695 3.860374 1.373503 1.444707 2.321992
311 873.2127075195312 139.76998901367188 1006.6343383789062 184.4128875732422 24.045418 -10.756149 0.392325 3.800358 1.309373 1.36696 -2.22354
312 663.384033203125 169.75686645507812 707.613037109375 205.2902374267578 31.029387 -3.10333 -0.372449 3.494674 1.633356 1.426637 -3.176332
313 548.1917114257812 183.71609497070312 592.6627197265625 216.05963134765625 34.641792 1.995107 -0.936756 3.51067 1.50837 1.398739 -2.906924
314 62.63164138793945 192.92311096191406 151.81857299804688 225.8027801513672 33.419613 23.046862 -1.119727 3.389604 1.76618 1.336933 3.155731
315 9.838332176208496 205.1152801513672 147.08184814453125 255.6328582763672 24.544445 17.773098 -1.497251 3.668415 1.703588 1.393864 3.046753
316 194.2041015625 200.35232543945312 287.8727722167969 245.78013610839844 27.338875 13.784567 -1.467896 3.651889 1.603536 1.446904 -3.15659
317 136.5131072998047 145.39280700683594 186.10079956054688 169.6772003173828 46.473736 28.706522 1.663616 3.40854 1.815773 1.475278 -2.869565
319 938.1183471679688 159.8843994140625 989.3202514648438 240.39300537109375 15.614467 -7.419801 -0.541975 1.45213 0.428788 1.628146 -0.042634
322 515.7464599609375 181.9723358154297 575.2718505859375 228.02931213378906 26.06933 2.286225 -0.858909 4.189106 1.540727 1.455503 3.088041
323 1073.3033447265625 162.7120819091797 1117.6243896484375 247.84466552734375 12.996911 -8.472803 -0.584945 0.545704 0.501432 1.460562 1.213333
325 469.4879455566406 181.39222717285156 505.4769287109375 202.63333129882812 51.786362 8.761669 -0.784511 3.203334 1.909859 1.428921 -3.182859
326 607.7262573242188 180.5602569580078 642.427001953125 212.54458618164062 34.139866 -0.641482 -0.79562 3.685996 1.538984 1.378472 3.121769
329 597.9254150390625 176.6455841064453 616.908203125 191.8866729736328 65.139122 0.273448 -0.402691 2.727698 1.67031 1.326719 -3.14234
330 485.6888732910156 181.62765502929688 528.1378173828125 219.62437438964844 30.657911 4.392763 -0.830027 3.378306 1.67135 1.461622 0.136984
331 295.01495361328125 187.35562133789062 336.810791015625 208.76861572265625 55.694141 22.590309 -1.163939 3.43294 1.914006 1.52179 -3.10406
332 684.685546875 169.5897674560547 710.4786987304688 190.27273559570312 53.011696 -6.324202 -0.089577 3.083656 1.605924 1.466495 3.108293
333 300.8877868652344 187.5648956298828 373.68145751953125 211.61776733398438 47.83046 18.004332 -1.127254 4.1987 1.69192 1.498805 1.416156
336 406.8555603027344 183.1716766357422 455.2959899902344 207.74752807617188 44.44236 10.956101 -0.845943 3.551147 1.406545 1.385436 -3.375123
337 738.5202026367188 168.55686950683594 795.0813598632812 205.68035888671875 32.666668 -6.908122 -0.411992 3.499013 1.799098 1.575576 -3.149105
339 200.75003051757812 198.9019317626953 266.2690734863281 241.1434326171875 29.351292 15.142523 -1.44904 3.706337 1.648013 1.438318 3.425578
341 160.0255584716797 201.10061645507812 242.62570190429688 242.49671936035156 29.902214 16.729305 -1.537597 3.737007 1.716597 1.430911 -2.996062
342 313.91778564453125 185.49903869628906 362.134521484375 208.35848999023438 49.752651 18.647339 -0.981444 3.402282 2.015574 1.453284 3.138039
345 865.3909912109375 138.57968139648438 959.569091796875 182.04872131347656 27.567719 -11.246986 0.530327 4.393187 1.669278 1.511121 3.154782
347 147.29859924316406 180.6685028076172 195.14820861816406 205.00827026367188 41.824169 25.27207 -0.497585 2.708454 1.319614 1.322947 0.102282
351 243.4991912841797 188.69142150878906 295.2850341796875 217.1147918701172 41.542072 19.471502 -1.116987 3.242949 2.112429 1.472165 3.395339
352 382.29644775390625 183.8702850341797 436.6086730957031 217.2756805419922 35.472515 9.766615 -0.905813 4.01329 1.626213 1.473154 3.16688
353 924.9121704101562 153.55335998535156 978.3112182617188 215.2319793701172 19.495066 -9.01034 -0.261958 1.387788 0.444609 1.579815 0.326366
354 249.0641326904297 182.1328582763672 295.67742919921875 206.3159637451172 49.039444 22.804747 -0.731366 3.624308 2.243737 1.513221 0.25812
355 746.4644165039062 173.76455688476562 847.8997802734375 212.9127197265625 28.779463 -7.283609 -0.612396 3.589243 1.498309 1.446086 -2.302495
356 608.3931274414062 196.02862548828125 677.196044921875 245.31968688964844 28.130611 -1.096459 -1.560673 4.267297 1.914242 1.604004 -3.00662
357 215.29962158203125 194.68588256835938 298.6628723144531 237.12319946289062 26.596148 12.844831 -1.182555 3.243396 1.526236 1.351098 -3.113267
358 355.6544494628906 187.37982177734375 406.9697265625 211.35745239257812 45.146427 14.216519 -1.06866 3.749939 1.561299 1.345947 -3.286914
359 240.46388244628906 191.51473999023438 312.4120178222656 220.88140869140625 40.533604 18.577074 -1.271315 4.055352 1.605217 1.440173 -0.179219
361 513.2030029296875 179.72520446777344 546.7387084960938 200.00479125976562 50.901459 5.631037 -0.653616 3.264907 1.929565 1.344644 3.120882
362 625.4436645507812 173.60745239257812 665.3820190429688 200.90890502929688 40.825993 -1.980639 -0.439783 3.839313 1.677972 1.45211 2.939606
364 688.3389282226562 167.61175537109375 734.3811645507812 197.23875427246094 42.36977 -5.780857 -0.218932 4.86385 1.880275 1.62717 3.167643
365 455.4064636230469 182.2205047607422 491.0268249511719 201.1233673095703 53.574123 10.125408 -0.778109 2.79706 1.784085 1.31729 3.002874
366 1178.6898193359375 167.2320098876953 1234.3719482421875 267.2347106933594 10.514911 -8.382578 -0.662585 0.46783 0.480754 1.372155 -1.027101
369 539.5155639648438 177.61856079101562 565.4644775390625 199.1510772705078 51.081791 4.068206 -0.562964 3.795296 1.600584 1.433453 3.161672
370 164.56687927246094 201.47752380371094 255.3946533203125 243.5072479248047 29.834215 16.324097 -1.564904 3.958863 1.581405 1.446385 -3.123806
371 296.23040771484375 182.77398681640625 374.00701904296875 222.2626190185547 29.164013 10.96097 -0.788368 3.841847 1.742917 1.420418 3.169992
372 215.7677001953125 175.89886474609375 264.98797607421875 198.7719268798828 48.900612 24.9081 -0.250591 3.141721 1.482889 1.475477 3.03979
374 921.2207641601562 177.4081573486328 950.3212890625 236.86289978027344 19.123699 -8.428608 -0.848091 0.500027 0.548018 1.526699 -0.053305
376 402.7600402832031 193.6430206298828 473.2455139160156 241.8950958251953 23.732948 5.582722 -1.175444 3.005794 1.721413 1.374866 -3.086669
377 186.44384765625 193.43887329101562 237.42088317871094 213.96109008789062 55.264698 30.337852 -1.502083 3.282023 1.771816 1.413466 2.99225
378 861.5209350585938 169.44033813476562 884.7972412109375 222.35760498046875 23.561142 -8.422287 -0.648365 0.521077 0.596058 1.677665 -2.301428
379 886.43359375 189.20726013183594 1046.2659912109375 250.96942138671875 17.644388 -8.478857 -1.062467 3.353316 1.517188 1.321111 -1.245858
380 492.503662109375 179.0534210205078 542.6973266601562 204.77951049804688 43.109764 5.489325 -0.662489 3.660822 1.565261 1.422108 2.836068
381 397.4058532714844 183.3556671142578 452.596435546875 210.53648376464844 38.861279 9.89582 -0.818955 3.28564 1.561755 1.334901 2.931857
382 599.7813110351562 173.88388061523438 675.8262329101562 200.35745239257812 42.723919 -1.548097 -0.46433 4.265419 1.665046 1.514744 -1.457198
383 486.3229064941406 180.6930389404297 527.2691040039062 205.40817260742188 41.376144 5.890633 -0.703264 3.145721 1.931124 1.318485 -3.125175
384 292.8185119628906 191.63864135742188 342.53033447265625 216.7539520263672 54.828541 22.085768 -1.598253 4.387927 1.688436 1.702103 -3.224085
388 411.25750732421875 182.72825622558594 484.8699035644531 218.96835327148438 32.720421 7.259616 -0.863145 3.799712 1.701927 1.469802 2.895399
389 971.8450317382812 153.17276000976562 1008.4508056640625 221.04249572753906 17.77076 -9.137643 -0.323342 0.696378 0.603921 1.607319 -0.181559
390 182.84283447265625 180.43997192382812 240.10894775390625 207.70462036132812 46.865341 25.786755 -0.655539 3.394939 1.548652 1.675994 1.126213
391 317.900390625 187.4036102294922 395.5713195800781 225.68035888671875 28.819336 9.993376 -0.954386 3.35884 1.725269 1.351858 3.078088
393 916.7123413085938 156.4001922607422 1013.044921875 200.10008239746094 28.035755 -13.437862 -0.114262 4.501751 1.725174 1.541414 3.078791
396 1177.5380859375 142.37245178222656 1234.43505859375 238.97364807128906 11.650221 -9.312698 -0.325003 0.447529 0.526496 1.482286 -1.421507
397 893.876220703125 116.27762603759766 974.8450317382812 174.909423828125 20.293262 -8.981046 0.745833 2.797483 1.147349 1.513041 -0.778107
398 677.885498046875 174.80889892578125 734.00732421875 202.2921905517578 38.313675 -4.950669 -0.520091 3.204128 1.670716 1.370661 3.474526
399 949.5701904296875 153.07330322265625 985.9974365234375 238.44296264648438 15.449661 -7.451074 -0.46137 0.607229 0.488022 1.74857 -0.859853
401 366.8176574707031 180.35403442382812 429.70025634765625 211.81063842773438 38.133896 11.084579 -0.731197 4.081728 1.620308 1.512469 2.999444
402 665.7434692382812 184.32261657714844 750.304443359375 227.1051788330078 24.25255 -3.214019 -0.905163 2.757329 1.304366 1.292903 2.299173
404 234.46282958984375 183.6609344482422 284.1446228027344 208.2674102783203 46.470596 22.45406 -0.805499 3.014712 1.736739 1.477888 -3.132332
405 178.7521514892578 192.43817138671875 234.7487030029297 216.09046936035156 51.58033 28.671091 -1.440363 3.005441 2.231169 1.546332 3.09915
406 316.8440856933594 186.26922607421875 361.4443359375 211.56231689453125 47.994442 18.009239 -1.066123 4.407051 1.69637 1.506859 0.615645
408 123.12854766845703 200.0731964111328 229.21875 243.6153106689453 30.589384 18.134117 -1.554273 4.299141 1.658265 1.529261 -3.209269
409 321.26190185546875 185.5826416015625 410.2301940917969 228.0929718017578 26.170391 8.71652 -0.870191 3.806735 1.566365 1.338623 3.032922
410 536.74462890625 179.44703674316406 561.0955200195312 198.32864379882812 59.77636 5.116703 -0.692086 3.752285 1.629258 1.468059 -2.956399
411 215.89491271972656 186.01284790039062 267.76422119140625 213.42774963378906 46.594845 23.616154 -1.023885 3.991174 1.530151 1.607065 0.070648
416 1100.9642333984375 132.9974822998047 1155.9288330078125 226.3250732421875 12.596747 -8.775146 -0.14927 0.549519 0.527644 1.552998 -1.400517
417 594.8346557617188 182.59429931640625 696.2588500976562 224.0390625 28.623337 -1.267943 -0.926973 3.900075 1.743218 1.455459 -2.414327
418 791.16748046875 125.85332489013672 893.7669067382812 169.4397430419922 28.80084 -9.119246 1.068622 3.199342 2.206754 1.589465 -2.371002
419 20.64699935913086 195.20077514648438 132.26988220214844 233.6493682861328 31.111225 22.721596 -1.232993 3.777437 1.729417 1.415027 3.031361
421 323.44927978515625 184.67161560058594 377.0777282714844 207.7621612548828 51.441051 18.40057 -0.963264 4.26944 1.57926 1.491158 -3.346537
422 316.5596923828125 186.34678649902344 356.1761474609375 207.94888305664062 51.543915 19.451719 -1.03205 3.096834 1.898762 1.424248 -3.03992
423 551.5892333984375 180.8743438720703 604.1100463867188 224.1964111328125 26.391815 1.292569 -0.800165 3.76213 1.549491 1.405158 3.280183
424 561.9295043945312 177.0332489013672 662.1159057617188 217.42648315429688 28.924856 -0.071793 -0.684879 3.927658 1.718443 1.467888 2.36304
426 982.6484985351562 138.4892578125 1012.359375 208.49343872070312 17.122622 -8.985351 -0.005413 0.635948 0.569038 1.593028 -0.561006
427 1073.9046630859375 143.7491455078125 1131.0146484375 238.30982971191406 12.670728 -8.380596 -0.334287 0.634894 0.530312 1.577505 -1.266451
428 880.897216796875 168.81414794921875 977.4398803710938 206.19078063964844 26.835915 -11.580681 -0.420591 3.301335 1.851028 1.285304 3.245271
430 209.29759216308594 199.8003692626953 286.26141357421875 241.72885131835938 29.545567 14.656812 -1.499238 3.565985 1.697644 1.450749 -3.016613
431 282.7187805175781 188.12576293945312 349.50384521484375 212.144287109375 46.539371 18.869387 -1.122449 3.636597 1.592538 1.469085 1.495363
432 190.15814208984375 189.74270629882812 247.24429321289062 218.24221801757812 43.461838 23.415342 -1.205778 3.08847 1.769457 1.570885 0.012565
435 275.1251220703125 182.763671875 326.4052734375 209.48826599121094 46.764915 19.907795 -0.837617 4.014483 1.538999 1.591229 -0.013797
438 202.84445190429688 189.2855987548828 283.9979248046875 219.1556854248047 38.375278 19.330936 -1.083705 3.671427 1.735957 1.401539 -0.313086
440 744.0973510742188 190.95494079589844 819.1607055664062 231.85609436035156 28.605703 -6.600427 -1.312944 2.896664 1.783042 1.43322 -2.926058
442 325.1390380859375 183.46421813964844 415.8265380859375 221.43421936035156 31.200657 10.233309 -0.854836 3.704899 1.863335 1.458649 2.831743
446 89.18987274169922 129.1331787109375 157.82958984375 154.08755493164062 42.777641 28.620087 2.48773 3.268899 1.870139 1.328156 3.154707
447 893.2872924804688 140.21096801757812 920.15185546875 195.30010986328125 20.980282 -8.451344 0.199319 0.533375 0.495481 1.558648 -1.418718
448 27.439701080322266 216.05955505371094 232.7199249267578 289.3075256347656 21.197725 13.791913 -1.897085 4.567633 1.915344 1.585641 -0.607868
449 4.054696083068848 177.11412048339844 93.31205749511719 207.947509765625 37.817055 29.154652 -0.356322 3.520849 1.743806 1.50438 -3.223729
450 583.631591796875 177.53744506835938 666.6787109375 212.9110870361328 31.319572 -0.610743 -0.689878 3.457945 1.984141 1.454677 1.52249
451 883.7305908203125 170.85488891601562 906.360595703125 227.61367797851562 21.890959 -8.468139 -0.711812 0.612115 0.54668 1.66985 1.160782
453 181.39047241210938 196.55087280273438 253.66513061523438 228.7694854736328 37.315559 20.125866 -1.475705 3.385346 1.682905 1.4595 3.061672
458 161.0729522705078 166.68472290039062 214.71383666992188 186.9381561279297 52.99855 30.828869 0.524351 3.208915 2.02866 1.434731 3.133733
459 239.59268188476562 183.8437042236328 306.8129577636719 211.38551330566406 47.277828 21.897297 -0.917288 4.475282 1.788513 1.63252 -3.292281
460 605.0823974609375 174.96029663085938 667.3350830078125 200.9416961669922 43.035507 -1.528923 -0.504944 3.835889 1.256478 1.467487 -0.871207
461 875.4606323242188 133.0260009765625 1009.9254760742188 190.46592712402344 21.939695 -9.782981 0.353938 3.668899 1.827849 1.566293 0.211654
463 236.25473022460938 163.80450439453125 280.0301208496094 183.95272827148438 56.096363 27.208675 0.722154 3.618067 1.555781 1.507806 3.117152
466 146.19798278808594 185.56771850585938 211.3330841064453 209.21702575683594 51.488243 30.578989 -0.920291 3.985777 1.752212 1.533619 2.947216
467 192.8123321533203 193.1745147705078 252.00921630859375 214.5915985107422 55.859722 29.852234 -1.534787 3.718864 1.901011 1.47155 2.813175
469 160.60800170898438 180.9848175048828 221.75230407714844 206.79522705078125 46.145409 26.660723 -0.620378 3.200722 1.447851 1.55009 -0.914825
471 345.3377380371094 181.96389770507812 377.4447326660156 202.01475524902344 56.689835 19.449608 -0.748668 3.236525 1.841964 1.474905 -2.983917
472 1005.1387939453125 137.1966552734375 1060.6260986328125 207.42047119140625 17.352283 -9.92597 0.014022 1.055839 0.567486 1.605267 0.212454
474 23.983760833740234 194.32659912109375 99.97761535644531 227.46778869628906 33.791428 25.443645 -1.186498 2.757533 1.277923 1.387493 3.044266
476 872.2689208984375 171.97315979003906 896.8192749023438 224.18942260742188 22.487406 -8.37606 -0.692707 0.581299 0.449082 1.581804 0.267922
477 299.4429931640625 188.1877899169922 340.5816345214844 213.01693725585938 46.466724 18.568363 -1.137525 3.4555 1.683193 1.448051 0.146024
478 976.1678466796875 130.87570190429688 1016.1112670898438 201.72296142578125 17.816673 -9.315069 0.168471 0.764473 0.514861 1.681803 0.105435
479 31.867504119873047 199.72964477539062 181.68820190429688 251.1526336669922 26.380182 18.029791 -1.420814 4.838923 1.55904 1.493838 2.998192
481 722.485595703125 167.3045196533203 782.3099365234375 204.9515380859375 31.177572 -5.97539 -0.350755 3.121821 1.744031 1.5272 3.215753
482 177.48281860351562 179.06915283203125 230.3224639892578 202.2404022216797 52.976978 29.641615 -0.477652 3.290388 2.563441 1.598433 3.377547
485 341.5935974121094 187.994384765625 389.2132263183594 213.75352478027344 39.605198 13.3365 -1.017465 3.290943 1.447309 1.275096 3.129459