1 620.0073852539062 183.1970672607422 726.317626953125 290.59503173828125 13.501497 -0.969852 -0.969416 3.907241 1.654894 1.615052 3.110526
4 617.1869506835938 180.72662353515625 721.6144409179688 283.5616149902344 13.565332 -0.88817 -0.89346 3.903902 1.636875 1.569117 3.126105
18 694.0502319335938 183.55056762695312 707.1674194335938 215.7819061279297 43.748684 -5.385973 -1.279024 0.905823 0.64391 1.906363 3.18074
32 499.4239196777344 218.71104431152344 548.2625732421875 250.29701232910156 43.028175 5.125695 -3.174573 3.979433 1.655067 1.507352 2.924971
47 724.5346069335938 196.83120727539062 752.7301025390625 262.1203918457031 19.889883 -3.416682 -1.426605 0.744169 0.501473 1.72357 -1.752631
48 1048.8533935546875 160.09471130371094 1161.09619140625 331.04888916015625 7.863173 -5.096511 -0.771405 0.707483 0.67546 1.703801 0.087375
52 610.9271240234375 177.22946166992188 744.6914672851562 286.09808349609375 13.553871 -1.321004 -0.870651 3.855966 1.669844 1.660447 2.834093
54 851.5999145507812 150.3478240966797 954.11279296875 315.33331298828125 8.654552 -3.34454 -0.652391 1.379874 0.712365 1.739647 2.443945
56 868.90380859375 153.943115234375 980.1223754882812 327.3212890625 8.218452 -3.324699 -0.697353 1.508658 0.603211 1.721865 3.110337
60 441.9576416015625 183.4037628173828 461.913330078125 233.5791015625 23.611416 5.173817 -0.915348 0.505178 0.591979 1.593032 0.135801
69 704.8241577148438 185.8748779296875 729.2924194335938 239.08897399902344 24.105164 -3.455711 -1.150702 0.8052 0.549629 1.706428 0.213135
72 455.7727355957031 163.06080627441406 481.5131530761719 220.54196166992188 25.452757 4.995745 -0.40508 0.69795 0.591511 1.968481 0.788055
79 701.1817016601562 183.6210174560547 730.4908447265625 233.98155212402344 24.18432 -3.433857 -1.032263 0.704292 0.655347 1.620157 2.237212
83 674.4967041015625 175.58871459960938 797.3045654296875 291.05865478515625 13.486807 -2.11571 -0.885402 4.221989 1.86326 1.74117 3.016774
87 561.65283203125 208.90283203125 642.728515625 260.2523193359375 24.963457 0.26654 -1.85463 3.359024 1.975152 1.435037 2.892234
95 500.2889404296875 192.7340087890625 541.755859375 215.3392333984375 62.81839 7.744974 -2.007546 3.552602 1.762964 1.787574 -0.535035
97 700.810302734375 179.97752380371094 722.8209838867188 231.144287109375 24.376106 -3.332578 -0.931988 0.690306 0.550023 1.668964 -0.436681
102 666.4009399414062 168.0683135986328 691.4536743164062 191.5020294189453 46.390842 -4.352686 -0.074766 1.499367 0.539753 1.482994 1.81756
103 720.4678344726562 176.0992431640625 750.5574951171875 237.3228759765625 21.226482 -3.567257 -0.857953 0.597503 0.691935 1.742586 0.193415
104 685.5175170898438 183.15272521972656 737.786865234375 233.90029907226562 24.288458 -3.324764 -1.01481 1.923354 0.522812 1.60934 2.22422
108 904.044189453125 117.36153411865234 1226.314208984375 244.29554748535156 10.456894 -6.082567 -0.121009 3.541412 1.558158 1.450245 -2.665794
113 529.8982543945312 186.6891326904297 659.8316650390625 290.6278381347656 13.574769 0.185604 -0.990905 3.99744 1.729308 1.529212 2.98896
118 645.3355712890625 148.5461883544922 693.4324951171875 186.54946899414062 45.511333 -3.598562 0.677778 4.700521 2.496807 2.256705 0.028879
119 489.2148132324219 205.30711364746094 529.8677368164062 243.2950439453125 33.914925 4.699886 -2.015235 3.898541 1.581155 1.485343 3.202463
123 410.2934265136719 160.43218994140625 442.41375732421875 228.62020874023438 20.938704 5.315706 -0.410457 0.749151 0.644544 1.9207 -1.585396
124 705.8590087890625 182.614990234375 730.9376831054688 253.5712127685547 19.625242 -2.84443 -1.069534 1.645273 0.595793 1.792645 -0.191734
125 699.088623046875 188.6620330810547 739.1869506835938 242.0714874267578 24.268824 -3.534827 -1.239037 1.725897 0.426417 1.671866 0.441476
133 470.0577697753906 153.2248077392578 504.670654296875 177.1135711669922 42.435837 7.171033 0.876947 2.9617 1.76409 1.344578 3.229661
139 904.3023681640625 140.5233612060547 1173.6802978515625 237.43325805664062 12.134049 -6.772412 -0.259574 3.549525 1.40172 1.441827 -1.818831
142 82.94341278076172 166.89541625976562 381.6942138671875 327.5437927246094 11.640447 5.506107 -0.811444 4.377312 3.092439 1.979322 0.206882
143 450.08880615234375 172.00787353515625 472.9043273925781 226.128173828125 25.047785 5.158216 -0.648056 0.701127 0.518703 1.836023 -1.509015
145 557.5418090820312 200.0744171142578 594.9895629882812 236.3810577392578 34.048965 1.601186 -1.776208 3.833473 1.620324 1.455913 3.1537
150 339.95660400390625 181.22445678710938 381.692626953125 261.69580078125 15.571972 5.353097 -0.857687 0.700683 0.73056 1.63792 2.109472
153 902.1455688476562 160.90147399902344 978.3572387695312 319.6665344238281 7.947487 -3.397114 -0.67811 1.266065 0.624308 1.531134 2.801746
155 364.1183166503906 159.18267822265625 402.6441345214844 233.87611389160156 17.391817 5.431193 -0.387185 0.738642 0.587418 1.739465 -1.545214
156 431.0679626464844 161.5291290283203 459.0939025878906 225.22789001464844 23.341507 5.327879 -0.419104 0.861302 0.641874 1.999721 -1.36433
158 429.5494079589844 154.60867309570312 466.49993896484375 219.51528930664062 23.167791 5.198131 -0.217249 0.885344 0.72507 2.006933 -0.702815
159 611.3218994140625 202.6722412109375 636.5263061523438 227.037841796875 45.616726 -0.77013 -2.213632 3.619792 1.501202 1.319198 -3.13893
160 381.216796875 187.40240478515625 415.60382080078125 254.09776306152344 18.2925 5.347656 -1.009578 0.708562 0.422377 1.627435 -1.762502
161 377.4422607421875 139.15855407714844 419.13665771484375 223.0597686767578 18.291618 5.347707 -0.027597 0.819093 0.635375 2.035845 -2.217135
169 494.16998291015625 203.56982421875 509.4463806152344 240.94346618652344 29.974644 4.526113 -1.736753 0.493934 0.553572 1.488826 -1.158244
172 459.6167297363281 169.82977294921875 486.65338134765625 220.73341369628906 26.491522 5.03301 -0.546387 0.602935 0.760125 1.818959 -0.377694
173 532.9331665039062 155.14695739746094 553.7579345703125 174.49407958984375 62.404419 5.751748 1.315032 2.57174 1.708927 1.630248 0.061308
175 552.1417236328125 204.48744201660156 598.2428588867188 237.30587768554688 35.413929 1.819834 -1.978914 3.673745 1.648751 1.334603 3.357506
179 823.4620361328125 130.87962341308594 1133.99169921875 248.03436279296875 11.756456 -5.607402 -0.236658 4.132674 1.571112 1.590047 -2.070313
181 468.6766357421875 200.0605010986328 535.557861328125 242.05645751953125 25.767061 3.812921 -1.418586 3.162129 1.47562 1.259057 -0.148774
182 732.1289672851562 161.1613006591797 781.0245971679688 237.60372924804688 17.053658 -3.333173 -0.531257 0.655657 0.902734 1.726833 3.502435
183 674.6597290039062 169.52389526367188 687.3764038085938 195.08985900878906 46.129745 -4.459425 -0.235661 0.68316 0.440241 1.610979 2.190862
184 708.5256958007812 128.81333923339844 733.1376342773438 188.6092987060547 25.224283 -3.770423 0.629219 0.852143 0.74962 2.030849 -0.039933
185 131.38536071777344 185.75830078125 198.4658203125 318.05963134765625 9.139472 5.51716 -0.859643 0.567073 0.552571 1.548131 1.835537
187 485.3203430175781 183.06370544433594 637.22314453125 298.2445373535156 12.451359 0.715192 -0.923456 3.700743 1.821311 1.572584 2.997893
188 491.99114990234375 195.4413299560547 506.3823547363281 235.97816467285156 29.749258 4.592746 -1.456305 0.569935 0.548685 1.617909 -1.438791
190 657.3240966796875 147.53001403808594 713.6994018554688 184.34689331054688 46.018574 -4.664904 0.771543 4.542288 2.164717 2.208351 0.234708
191 427.9610900878906 191.82904052734375 458.9219970703125 249.177978515625 22.272629 5.147508 -1.221794 0.784305 0.558081 1.688561 -1.028036
192 923.94384765625 121.50592041015625 1097.1624755859375 229.90797424316406 12.547396 -6.542905 -0.054747 3.1935 1.522061 1.589361 3.004261
195 232.6351776123047 163.553955078125 317.3787536621094 279.4369812011719 12.299903 5.634046 -0.669218 0.661755 1.096433 1.863709 -0.145387
196 800.7954711914062 134.4522247314453 896.7582397460938 267.474365234375 10.37355 -3.249867 -0.36972 1.184765 0.509531 1.745447 0.685637
197 481.5603332519531 205.2493133544922 498.4349670410156 247.3754119873047 28.926554 4.834394 -1.833483 0.604302 0.548548 1.624857 3.099993
198 847.0717163085938 138.46327209472656 1192.4715576171875 270.37628173828125 10.364977 -5.43233 -0.378522 3.899555 1.561542 1.481464 -2.415789
200 445.02313232421875 178.25225830078125 479.4960632324219 235.7538299560547 24.897379 5.092417 -0.894278 1.475 0.596318 1.88654 -0.223957
203 151.31832885742188 199.49822998046875 234.8500213623047 321.2880554199219 9.911804 5.625137 -1.046801 0.56671 0.802942 1.530664 -0.283592
204 573.6188354492188 204.57395935058594 640.3217163085938 257.43646240234375 22.580391 0.231568 -1.574152 2.986509 1.674049 1.37557 -3.003292
205 549.6784057617188 206.2121124267578 599.70947265625 244.0980987548828 31.77696 1.560075 -1.961309 3.410396 1.690898 1.39437 -3.242795
206 733.4409790039062 159.85379028320312 777.2950439453125 238.95115661621094 17.697048 -3.425757 -0.55092 0.792885 0.945603 1.861135 -0.074403
212 736.092529296875 170.75448608398438 763.6319580078125 241.69677734375 18.319458 -3.418914 -0.735864 0.492853 0.722193 1.735064 -1.478827
214 570.5278930664062 199.74166870117188 617.5823974609375 243.65560913085938 27.514334 0.611413 -1.560093 4.157266 1.639783 1.374078 3.132643
218 263.68524169921875 145.863525390625 431.90869140625 243.83724975585938 16.132444 5.602435 -0.270901 3.862159 2.247029 1.887303 -0.015438
222 711.1285400390625 182.16159057617188 733.5479736328125 231.77896118164062 24.073803 -3.6277 -0.970033 0.870043 0.462465 1.59082 0.190869
224 936.1229248046875 117.27066802978516 1090.466064453125 339.12872314453125 6.769087 -3.479856 -0.483038 1.396572 0.506469 1.771976 0.093803
225 888.3353881835938 136.70188903808594 1143.79052734375 245.80770874023438 10.797471 -5.686545 -0.266574 2.930001 1.423805 1.449162 -1.726217
226 711.51611328125 182.470947265625 736.58544921875 233.14349365234375 23.957886 -3.658713 -0.982326 1.528137 0.462817 1.586372 0.082114
227 541.2655639648438 206.40306091308594 577.3056030273438 238.44317626953125 37.738693 2.660378 -2.182824 3.721941 1.663266 1.404965 3.156172
228 523.3300170898438 205.14732360839844 561.2403564453125 238.95916748046875 33.993507 3.28126 -1.937343 3.677593 1.58686 1.315372 3.282873
229 643.6572265625 173.9084930419922 665.962646484375 193.96315002441406 53.89761 -3.304532 -0.345264 3.440641 1.56983 1.435339 -3.228847
230 561.8374633789062 201.1776580810547 606.669677734375 245.98779296875 25.657076 0.923351 -1.525358 3.526508 1.435013 1.326568 3.136674
231 503.451904296875 200.32676696777344 521.93603515625 220.97808837890625 60.762779 8.204895 -2.498431 3.038276 1.248982 1.568779 3.178882
233 501.013671875 206.6442413330078 549.6605834960938 226.22698974609375 58.550629 6.899956 -2.887359 3.622633 1.448431 1.395444 2.094396
234 737.5191650390625 175.55120849609375 805.9130859375 254.074951171875 15.613894 -3.359726 -0.806045 0.754898 1.206753 1.598422 -2.709931
238 869.2091064453125 179.9939422607422 921.5350341796875 332.1405029296875 8.924251 -3.354622 -0.945593 1.159885 0.527822 1.673339 2.717173
240 574.1467895507812 204.532958984375 622.4484252929688 237.68724060058594 34.092453 0.66702 -1.933063 3.085076 1.715729 1.327436 -2.938086
241 117.10755157470703 182.3036651611328 253.94830322265625 331.8543395996094 9.834855 5.660061 -0.948103 1.420951 0.670348 1.801537 2.426156
242 701.5738525390625 155.17324829101562 716.453857421875 202.15016174316406 29.643471 -3.972001 -0.040664 0.55226 0.489631 1.889019 2.78128
248 387.607421875 151.53097534179688 436.2095642089844 229.60427856445312 19.70841 5.395397 -0.273318 0.90557 0.894358 2.033247 -0.65567
249 505.2499084472656 202.0370635986328 544.4210205078125 228.85948181152344 45.240345 5.329552 -2.162258 3.756812 1.524271 1.438403 3.0034
251 499.4250793457031 177.06785583496094 531.1773071289062 197.30096435546875 53.328972 6.980813 -0.473231 3.266278 1.47778 1.418926 -0.147049
253 963.2836303710938 114.28738403320312 1056.9698486328125 320.8982849121094 6.663975 -3.444948 -0.416761 0.616645 0.516545 1.73203 -0.084214
254 398.3920593261719 196.66189575195312 442.72589111328125 259.0397644042969 19.978271 5.231694 -1.284636 1.067534 0.634245 1.607514 -0.436905
257 796.59375 158.42652893066406 852.3521118164062 266.3643493652344 12.076945 -3.434978 -0.605643 0.681021 0.631867 1.694019 2.378028
258 354.5376281738281 150.26004028320312 406.639892578125 234.5975341796875 17.041937 5.39225 -0.278487 0.891412 0.775428 1.889665 -0.76634
261 1032.3604736328125 144.10775756835938 1208.3150634765625 263.0841064453125 10.563089 -7.281334 -0.403211 3.206086 1.754801 1.399949 -0.709252
264 550.211181640625 198.9230194091797 640.5191040039062 235.1005401611328 30.603561 0.693945 -1.57187 3.531051 1.417524 1.369182 1.890981
268 31.494298934936523 145.91795349121094 138.72169494628906 305.122802734375 8.121699 5.754791 -0.470901 0.663641 0.683474 1.637254 -0.291815
271 674.845703125 160.1737518310547 764.7256469726562 237.25640869140625 18.764189 -2.856264 -0.491301 4.126431 1.987026 1.735447 -0.222699
272 564.4715576171875 203.08407592773438 637.7530517578125 245.01766967773438 29.13109 0.364518 -1.75642 3.484264 1.689258 1.401311 2.747286
273 560.1275024414062 199.99354553222656 645.04345703125 242.2552032470703 29.795174 0.318635 -1.677578 3.68795 1.499102 1.471492 2.478197
275 88.81600189208984 188.62303161621094 320.523681640625 312.3156433105469 9.860181 5.201738 -0.814587 2.730646 1.963538 1.309411 0.212312
276 436.3409729003906 194.14149475097656 460.0190124511719 251.21929931640625 22.904552 5.139203 -1.328808 0.573944 0.710828 1.740027 0.196672
281 502.62005615234375 200.8941650390625 514.364013671875 226.9117889404297 46.462631 6.565477 -2.140483 0.610348 0.548221 1.628133 -1.728491
284 424.29541015625 163.39500427246094 460.8792724609375 234.1266632080078 22.560707 5.224919 -0.567988 0.764057 1.019409 2.140358 0.112765
286 516.8619995117188 174.57470703125 542.6854858398438 195.63916015625 62.538502 7.001195 -0.37502 3.76566 1.961911 1.748494 0.178456
287 779.1036987304688 148.64866638183594 839.4732666015625 265.4111022949219 12.319108 -3.260941 -0.522882 0.911079 0.748321 1.852392 2.592817
291 520.0307006835938 199.66665649414062 598.0126953125 248.0745849609375 25.541613 1.761569 -1.502954 4.006131 1.600213 1.39199 2.90879
292 826.0419311523438 149.93968200683594 1142.0113525390625 305.69097900390625 8.679798 -4.044664 -0.539809 2.946129 1.586687 1.453263 0.373739
295 845.0723876953125 117.14740753173828 986.2402954101562 328.8665771484375 8.115295 -3.28068 -0.506194 1.882947 0.706845 2.032026 2.322873
296 263.2649841308594 167.0543670654297 323.4582824707031 283.0689697265625 12.389913 5.362686 -0.729386 0.872259 0.720136 1.867782 1.907577
299 908.4166870117188 169.77969360351562 1031.3048095703125 338.7378845214844 7.148157 -3.357239 -0.751898 1.191253 0.47986 1.486387 -1.030961
300 440.7093505859375 170.92431640625 468.07550048828125 227.11004638671875 24.014771 5.179856 -0.617966 0.532698 0.736681 1.822497 -0.159463
307 700.0556030273438 177.41226196289062 716.7161865234375 223.34017944335938 30.013044 -3.980654 -0.924734 0.74448 0.546682 1.862169 -3.083823
308 487.4807434082031 190.8255615234375 643.9913940429688 272.66943359375 15.34833 0.868788 -1.023781 3.479675 1.768966 1.389383 2.684105
309 597.8251342773438 173.68482971191406 752.7010498046875 293.83575439453125 13.533045 -0.920319 -0.878127 4.150599 1.85803 1.834064 -2.981462
310 858.6429443359375 118.83931732177734 1001.7222900390625 320.6036376953125 8.005951 -3.385461 -0.47231 1.7892 0.721935 1.916722 2.29606
314 908.3521728515625 161.4007110595703 1007.6914672851562 324.60882568359375 7.350526 -3.325234 -0.682902 0.687769 0.554418 1.511341 -1.209128
315 739.2046508789062 158.78155517578125 798.486572265625 255.25146484375 14.97682 -3.158961 -0.623368 0.662477 0.976251 1.896243 3.570652
316 502.78363037109375 200.74014282226562 533.402099609375 224.43521118164062 57.221317 7.282546 -2.503084 3.619507 2.265395 1.659292 -3.051978
318 699.1490478515625 169.89337158203125 712.9803466796875 211.85023498535156 30.311163 -3.931608 -0.542249 0.572531 0.493358 1.728963 0.011052
319 267.7154541015625 157.652099609375 449.18316650390625 237.13034057617188 16.57963 5.678346 -0.361103 3.536931 1.582963 1.682391 -1.705168
320 713.48828125 175.4041290283203 878.0361328125 265.94573974609375 14.513634 -3.420344 -0.790353 3.315626 2.02998 1.548645 3.280251
321 907.7554321289062 163.68423461914062 1022.9150390625 327.150390625 7.490213 -3.435557 -0.700589 1.066741 0.524042 1.503906 3.276894
323 477.48046875 201.17095947265625 595.3385009765625 246.09909057617188 25.585373 2.659449 -1.519455 3.894491 1.435541 1.39401 1.884434
324 486.38824462890625 180.51014709472656 502.35601806640625 230.1644744873047 30.182125 4.863497 -1.03801 0.643362 0.820032 2.015491 -1.400502
325 474.6134033203125 184.23802185058594 495.6509704589844 224.9498748779297 28.456738 4.93804 -0.955124 0.587444 0.670241 1.560108 3.024968
331 342.23956298828125 197.457275390625 374.00897216796875 269.1138000488281 15.436869 5.354146 -1.111423 0.513535 0.530842 1.456215 1.654014
332 847.0874633789062 111.20338439941406 1024.790771484375 321.30120849609375 7.954667 -3.371818 -0.455231 1.617375 0.731741 2.070826 1.820373
334 789.9623413085938 157.11346435546875 1074.5343017578125 342.6351318359375 8.201641 -3.112612 -0.677509 3.402937 1.833273 1.578577 3.055633
335 682.286376953125 174.0537109375 803.0079345703125 244.92230224609375 18.171719 -3.126081 -0.74274 3.034024 1.539972 1.584128 0.392552
337 467.88690185546875 138.60910034179688 499.75555419921875 166.53994750976562 41.20015 7.148286 1.541401 4.035007 1.531614 1.46716 -3.031693
340 955.6751708984375 120.16775512695312 1030.3299560546875 315.8544006347656 6.757045 -3.370042 -0.420245 0.592091 0.533934 1.648018 -0.590083
341 836.0108032226562 184.30796813964844 877.4722290039062 281.3303527832031 10.910403 -3.553233 -0.864671 0.470636 0.46411 1.387308 -0.046115
343 514.47216796875 208.46534729003906 549.3414916992188 240.05210876464844 34.471088 3.779353 -2.0745 3.023124 1.569647 1.269267 3.253974
345 740.0628051757812 167.16368103027344 779.8357543945312 247.15280151367188 16.778852 -3.357356 -0.696012 0.804279 0.868596 1.7742 2.928886
346 852.1178588867188 123.6036605834961 1010.1249389648438 311.8559875488281 8.205957 -3.406772 -0.492006 1.483925 0.587236 1.958159 1.404621
347 614.3155517578125 146.4185333251953 869.4153442382812 265.2056884765625 13.153251 -2.196626 -0.457238 4.049038 1.910986 1.789534 0.910894
348 812.4089965820312 135.57977294921875 874.7503051757812 262.1519775390625 11.007614 -3.390906 -0.371368 0.726354 0.556871 1.827717 1.637256
351 559.4428100585938 203.03744506835938 616.3543701171875 251.36495971679688 23.080786 0.712024 -1.487885 3.149039 1.429028 1.280199 3.051382
352 652.8093872070312 166.67237854003906 690.4068603515625 189.52261352539062 47.108112 -3.919199 0.046111 2.626976 1.876565 1.43743 0.14655
353 833.3220825195312 173.7488555908203 899.386962890625 293.40631103515625 10.468472 -3.525701 -0.817484 0.935054 0.414878 1.602769 0.272413
354 104.92186737060547 185.6346435546875 194.33348083496094 331.275390625 9.094511 5.673019 -0.921968 0.555676 0.750292 1.677029 1.376276
358 501.0958557128906 138.36907958984375 528.1116943359375 160.05914306640625 54.163807 7.134918 2.30626 3.325726 1.939887 1.504517 0.123085
359 713.8578491210938 184.3515625 735.0606689453125 233.9136505126953 23.824944 -3.658137 -1.0344 0.745822 0.521905 1.576929 0.079862
360 515.4412231445312 203.7068328857422 563.0575561523438 232.01016235351562 44.787228 4.381366 -2.294329 3.875581 1.740001 1.484285 2.902379
361 919.02294921875 170.92250061035156 988.6473999023438 333.68548583984375 7.340218 -3.309913 -0.732333 1.292306 0.564201 1.432181 -0.484197
362 523.2214965820312 172.1585693359375 540.9745483398438 191.1492919921875 61.915184 6.716008 -0.090658 2.789255 1.464326 1.583336 0.122576
365 600.670166015625 173.28656005859375 840.6533813476562 300.2752685546875 12.99531 -1.975586 -0.905758 4.186111 1.853202 1.873652 2.257089
367 734.599609375 170.71461486816406 769.3902587890625 240.18101501464844 18.042036 -3.422184 -0.705765 0.56541 0.6229 1.669126 -0.991247
369 478.3824462890625 199.8785400390625 590.991943359375 250.41720581054688 25.567009 2.580765 -1.527008 4.637053 1.624932 1.417753 2.65744
370 720.1622924804688 136.8106231689453 740.5848999023438 202.57232666015625 22.688652 -3.674239 0.220112 0.623358 0.57525 2.011705 -0.081949
373 209.7747802734375 166.60122680664062 271.0668640136719 282.86419677734375 10.766761 5.424978 -0.603628 1.338036 0.74735 1.565352 -2.677282
375 375.78204345703125 157.5233917236328 423.4322204589844 241.19435119628906 18.074806 5.262094 -0.462985 1.089096 0.828925 1.996627 -1.2393
376 154.4708251953125 189.8231201171875 263.74981689453125 325.6830139160156 10.419145 5.648417 -1.022268 1.558887 0.41223 1.71736 2.924572
382 892.7236938476562 180.07737731933594 1117.9423828125 339.9369812011719 8.385844 -4.327277 -0.809315 3.142726 1.843277 1.353904 -0.520801
386 608.736328125 163.38548278808594 851.8139038085938 275.11248779296875 13.303089 -1.910225 -0.721103 4.00882 2.229702 1.842106 1.571585
387 389.85992431640625 191.64451599121094 429.28741455078125 257.9144287109375 18.715549 5.181579 -1.134933 0.610408 0.870193 1.643255 3.221299
393 699.9703979492188 168.86294555664062 832.3765869140625 224.5048370361328 18.679289 -3.918038 -0.485551 3.063896 1.429934 1.317871 -1.126367
395 458.4981994628906 204.83120727539062 552.2877807617188 244.9592742919922 25.354361 3.732316 -1.547661 3.111401 1.534726 1.236012 -1.347614
398 467.53717041015625 150.59976196289062 507.9906921386719 176.02215576171875 43.596352 7.337061 1.00907 3.241384 1.648324 1.467245 -3.222974
402 679.3589477539062 186.69784545898438 726.7553100585938 224.8148651123047 28.863657 -3.625108 -1.070905 3.094487 1.761407 1.358647 -3.277616
403 512.7066040039062 203.36083984375 562.4014892578125 230.88832092285156 45.47105 4.558142 -2.28392 3.79727 1.541112 1.471696 2.770464
404 703.0223999023438 182.0288543701172 737.1693725585938 238.8965301513672 23.20034 -3.409769 -1.032569 1.429269 0.562751 1.725994 0.244941
405 857.1412353515625 142.413330078125 923.1959228515625 277.38250732421875 9.326493 -3.431242 -0.461224 0.545735 0.565774 1.630383 3.343926
407 485.33416748046875 179.64564514160156 503.0475158691406 222.16806030273438 30.38172 4.898461 -0.865502 0.678824 0.533195 1.746494 1.831021
408 803.647216796875 164.16452026367188 890.1798095703125 303.2100830078125 9.590412 -2.933658 -0.722014 1.589989 0.642048 1.637129 3.106143
409 632.8388061523438 171.46920776367188 650.083740234375 192.2390594482422 54.967628 -2.332474 -0.198848 1.180362 0.69038 1.554641 -2.446001
411 645.4375 152.52664184570312 682.6484985351562 182.815673828125 46.547501 -3.374797 0.69376 3.856474 1.609606 1.857585 0.135006
412 895.3416748046875 144.74598693847656 1028.0146484375 299.04052734375 7.866592 -3.597087 -0.525807 1.124878 0.553029 1.557602 1.535789
413 846.6643676757812 126.18062591552734 1009.2949829101562 302.6538391113281 8.148406 -3.353456 -0.457597 1.476267 0.672373 1.835721 1.544593
416 463.9558410644531 192.4075469970703 492.0853576660156 245.22698974609375 27.154463 4.98044 -1.428977 0.965713 0.627498 1.89451 -0.350517
418 560.4705200195312 205.4337921142578 597.1726684570312 231.18270874023438 42.530968 1.932453 -2.24068 3.053418 1.664009 1.297006 3.350275
419 650.2108764648438 166.96563720703125 668.3056640625 193.4189910888672 50.009777 -3.335554 -0.084515 1.587134 0.70913 1.791345 3.450181
421 702.10791015625 192.30970764160156 742.2359619140625 243.5557403564453 24.541862 -3.676518 -1.340259 1.767208 0.450608 1.609603 0.414587
423 491.9248046875 189.2184295654297 535.3119506835938 213.23011779785156 48.613628 6.556859 -1.36302 3.7191 1.859305 1.44453 0.433774
425 495.906494140625 201.793212890625 544.7386474609375 229.72264099121094 45.83276 5.690513 -2.207205 3.391062 1.541441 1.540823 2.728252
426 405.66455078125 170.22085571289062 446.51104736328125 241.2993621826172 20.805565 5.290179 -0.715222 0.815226 0.857136 1.973248 -0.198661
427 857.1686401367188 106.85167694091797 971.8575439453125 298.5625 8.096744 -3.210812 -0.324354 0.855274 0.761451 1.927093 0.496439
428 352.1296691894531 200.24440002441406 386.8104553222656 270.572265625 16.255568 5.398952 -1.210237 0.573456 0.69464 1.478339 2.143009
429 732.6039428710938 182.83270263671875 965.8995361328125 309.70465087890625 10.186068 -3.213919 -0.922418 3.064049 1.008671 1.538765 1.912558
430 381.81658935546875 191.9763641357422 414.57476806640625 255.9615936279297 18.10084 5.300324 -1.073556 0.592113 0.553979 1.521953 3.950677
431 665.2344360351562 169.1512451171875 752.5432739257812 242.86839294433594 18.435669 -2.545481 -0.629043 4.69245 1.72433 1.600425 -0.234847
432 505.4775695800781 196.42662048339844 533.455078125 217.66871643066406 58.46114 7.397959 -2.112633 3.724257 2.126012 1.522245 -2.987134
435 183.23648071289062 144.6048126220703 276.7440490722656 279.3642272949219 11.0075 5.703321 -0.447414 0.717114 1.014513 1.886301 -2.18542
436 223.7881317138672 138.9077911376953 302.18829345703125 270.6629333496094 12.357596 5.857366 -0.398739 0.779337 0.906773 2.1241 -0.112068
437 150.70571899414062 175.11883544921875 411.437744140625 282.6195068359375 12.518134 5.465045 -0.688723 3.685539 1.653731 1.515414 -0.629774
438 191.02224731445312 130.67808532714844 278.2377014160156 283.61749267578125 10.966655 5.629918 -0.376678 0.855746 1.04117 2.121862 -0.763662
439 391.1489562988281 193.79074096679688 416.5981750488281 256.06243896484375 18.425896 5.255789 -1.120975 0.516865 0.58892 1.515961 3.4715
440 652.4644775390625 170.87071228027344 710.3987426757812 190.5762176513672 46.145943 -4.472057 -0.133355 3.544775 1.083465 1.235526 1.616859
441 508.0578308105469 208.01455688476562 533.9826049804688 228.28509521484375 58.855549 7.32178 -3.032189 3.362096 1.566808 1.414492 -2.857764
442 486.854248046875 196.93356323242188 507.1535949707031 241.2921600341797 28.71933 4.520899 -1.539971 0.722147 0.58812 1.708224 -1.541441
443 433.0660705566406 190.0556640625 472.0469665527344 257.4183349609375 23.421413 5.105237 -1.370405 1.46197 0.604694 2.048015 -0.274852
445 666.4146118164062 167.10841369628906 679.8193969726562 190.25746154785156 47.55085 -4.083551 3.5e-05 0.593865 0.718134 1.504397 3.392754
446 715.41943359375 147.29885864257812 756.3383178710938 213.18572998046875 20.773018 -3.503324 -0.099339 0.858568 0.874112 1.823413 0.238115
447 374.76495361328125 194.4976348876953 410.6532287597656 267.6405944824219 17.840794 5.351268 -1.231229 0.714781 0.610329 1.726072 -1.510486
449 669.7904052734375 172.74063110351562 724.6531982421875 202.5359344482422 44.657215 -5.278521 -0.537378 3.020999 1.780064 1.759963 0.61652
450 638.0038452148438 163.07041931152344 644.6013793945312 183.60121154785156 54.759113 -2.322317 0.436632 0.540444 0.479767 1.541998 3.063991
451 725.9204711914062 172.31686401367188 763.357177734375 236.03794860839844 19.311987 -3.474135 -0.718428 0.787062 0.677703 1.644815 -1.410248
453 789.2073364257812 154.6491241455078 1004.9928588867188 298.135986328125 9.693433 -3.415743 -0.580125 3.208424 1.900807 1.528629 3.003963
455 412.6442565917969 159.65731811523438 449.7170715332031 225.77638244628906 21.255308 5.253341 -0.364837 0.658681 0.939239 1.889057 0.054125
456 407.28271484375 207.3426055908203 441.4170227050781 285.8431396484375 13.655213 3.505869 -1.242277 0.654328 0.424257 1.383808 3.065124
457 801.4027709960938 164.6522979736328 1225.7117919921875 349.3578186035156 7.831615 -3.956264 -0.711073 3.513168 1.79508 1.484079 -2.185113
464 630.5678100585938 167.49044799804688 785.5999755859375 227.70046997070312 18.620024 -2.341817 -0.499577 3.627253 1.792497 1.446657 1.62746
465 494.66656494140625 200.13092041015625 552.0396118164062 231.19122314453125 45.359509 5.530376 -2.168171 4.069865 1.875423 1.677544 0.604146
468 715.0592651367188 138.20994567871094 739.663818359375 207.1734161376953 22.775188 -3.592573 0.13011 0.570217 0.700949 2.120614 -0.056645
472 509.2265625 152.68797302246094 520.4837036132812 174.52882385253906 58.451683 7.704118 1.357866 0.560993 0.714203 1.749135 -0.401125
473 659.0535278320312 175.01185607910156 669.12109375 197.3966064453125 49.79985 -3.655526 -0.503811 0.632468 0.56823 1.522993 3.278725
474 739.088623046875 166.78099060058594 911.9581298828125 284.9964294433594 12.005544 -3.201059 -0.69873 3.893617 1.455575 1.594611 3.196606
475 807.245361328125 142.86154174804688 908.39404296875 285.191650390625 10.432146 -3.402773 -0.549994 1.270238 0.471231 1.894659 1.007235
477 472.93865966796875 204.08236694335938 544.27490234375 248.73812866210938 25.273949 3.514551 -1.576729 3.086557 1.619389 1.300904 2.986079
478 632.4115600585938 161.16851806640625 642.576904296875 183.10169982910156 55.870605 -2.075738 0.542039 0.567985 0.600523 1.677915 2.017742
482 670.2105712890625 166.3406982421875 681.4061889648438 189.8133087158203 46.576756 -4.173892 0.035019 0.609151 0.484311 1.495157 -1.92922
483 398.16400146484375 156.31468200683594 440.7154235839844 233.60316467285156 20.023195 5.278139 -0.397151 0.802102 0.812613 2.053041 0.867177
485 151.85829162597656 177.05596923828125 396.67584228515625 301.4002990722656 10.303831 4.502173 -0.698336 3.068706 1.578369 1.421235 -0.194317
487 23.69624900817871 155.9815216064453 388.858642578125 316.326171875 11.39491 5.745967 -0.636238 4.967635 2.007662 1.87711 -0.263574
489 957.8583984375 143.6232452392578 1229.5057373046875 251.83078002929688 11.670571 -7.404103 -0.362896 3.212198 1.565717 1.442989 0.614758
490 852.3134155273438 134.99798583984375 927.6153564453125 275.79864501953125 9.455594 -3.458235 -0.39964 1.153599 0.557736 1.674166 3.090576
491 533.2694702148438 205.37423706054688 614.2609252929688 239.45457458496094 31.170826 1.631219 -1.822302 3.140595 1.513682 1.281891 1.948879
492 128.37356567382812 175.56541442871094 412.2268981933594 296.09100341796875 10.988079 4.84595 -0.67673 3.61066 1.680331 1.440186 -0.400126