1 704.5230102539062 137.36459350585938 822.0811767578125 305.7569274902344 8.69202 -1.806434 -0.594206 1.245402 0.697629 1.906748 -1.595667
9 726.7677001953125 137.93389892578125 829.55419921875 306.9588623046875 8.838739 -2.018502 -0.61345 1.085856 0.760846 1.936942 -1.636167
32 67.20970153808594 188.6896209716797 90.59274291992188 252.08322143554688 20.71162 15.164904 -1.105587 0.600671 0.520596 1.78122 -2.46876
48 832.0631103515625 213.0333251953125 875.59814453125 307.9679260253906 14.345004 -4.891763 -1.76007 0.690984 0.70038 1.794762 -0.155944
52 227.20635986328125 172.21157836914062 347.74298095703125 284.2348327636719 10.519181 4.565614 -0.712072 1.510971 0.591166 1.537685 -1.307486
56 55.15916061401367 185.07199096679688 95.13468933105469 248.28623962402344 20.757837 15.294049 -1.00098 0.68499 0.662201 1.787095 -3.055717
57 537.1631469726562 159.6395721435547 698.6632690429688 218.05030822753906 18.705038 -0.299711 -0.367937 3.987251 1.86746 1.437627 -1.549361
58 67.24574279785156 183.8186798095703 102.97547912597656 249.488525390625 20.867174 15.093826 -1.007546 0.630685 0.588241 1.866398 -1.936437
59 325.26885986328125 188.06027221679688 408.7904052734375 252.73097229003906 16.526512 5.374448 -0.921131 2.824618 1.543276 1.306419 0.224941
61 700.2764282226562 142.16505432128906 803.5546264648438 313.12353515625 8.673374 -1.665905 -0.655717 1.12611 0.740124 1.915942 -1.677326
63 243.11654663085938 169.03317260742188 333.75390625 276.9756164550781 11.526986 5.000297 -0.687171 1.348575 0.740271 1.601067 -0.097488
69 753.7908325195312 167.94122314453125 794.45458984375 249.31863403320312 14.465148 -3.362778 -0.727248 0.638747 0.488057 1.584201 2.166486
74 844.3034057617188 164.03623962402344 942.2616577148438 267.82171630859375 12.324811 -4.814487 -0.741898 1.772358 0.623862 1.625417 3.375395
75 641.2294311523438 177.16331481933594 679.1537475585938 275.0655822753906 13.217461 -0.972032 -0.953409 0.581257 0.584423 1.740711 0.123637
83 884.4662475585938 167.86305236816406 1030.4761962890625 269.57708740234375 11.455047 -5.488914 -0.774975 2.016356 0.492319 1.553805 -1.662945
86 330.31768798828125 170.373046875 380.7718200683594 280.68988037109375 11.042873 3.832574 -0.695006 1.712234 0.529447 1.533141 -2.689352
88 852.333251953125 162.5451202392578 916.1612548828125 275.82366943359375 10.629939 -4.06608 -0.685803 1.572839 0.689323 1.514838 2.64925
91 768.9799194335938 154.47630310058594 808.885498046875 177.63380432128906 47.839283 -12.406135 0.468574 3.705238 1.498 1.478993 -3.074795
93 586.7147827148438 133.4401397705078 616.3546752929688 155.8428192138672 50.251682 0.08501 2.176394 3.817951 1.664374 1.379533 -3.253207
96 775.80615234375 216.1298065185547 870.2705688476562 311.01397705078125 13.630861 -4.146635 -1.640112 2.937293 1.478546 1.40229 -0.377111
99 4.907259464263916 173.84298706054688 50.46875762939453 252.7729034423828 14.597886 11.65492 -0.632951 0.577056 0.499027 1.553166 1.17423
100 56.320899963378906 128.9209442138672 255.98439025878906 206.64288330078125 17.054998 10.578165 0.25773 4.02333 1.93444 1.660926 1.220181
101 783.5857543945312 131.4658660888672 826.001953125 155.84388732910156 46.039822 -12.974197 1.882332 3.548012 1.589445 1.387663 3.189774
106 587.8045654296875 181.82115173339844 658.64501953125 249.18368530273438 16.577375 -0.42226 -0.87158 3.558647 1.44987 1.369776 3.103614
107 67.81797790527344 187.38038635253906 181.13026428222656 231.69244384765625 26.712196 17.742168 -0.991845 3.950245 1.748455 1.485316 -3.071877
109 835.8726806640625 142.15321350097656 984.0335693359375 282.38250732421875 10.513724 -4.289332 -0.581743 1.910673 0.871211 1.814191 0.368674
110 921.8894653320312 159.8622283935547 1023.101806640625 262.28765869140625 12.055983 -6.074864 -0.687566 1.578502 0.545198 1.627292 -1.250582
118 835.7101440429688 160.50885009765625 968.5369262695312 278.1793212890625 11.392721 -4.56578 -0.733276 1.861513 0.716735 1.679263 0.524692
119 845.571044921875 153.61477661132812 967.7662353515625 284.4435729980469 11.020153 -4.46261 -0.70512 1.858067 0.810112 1.797845 0.179801
120 571.3614501953125 204.56637573242188 680.9222412109375 269.5416564941406 18.016266 -0.458074 -1.538653 2.612825 1.487177 1.494414 -1.508062
121 861.0449829101562 154.63075256347656 925.3571166992188 267.456787109375 11.98702 -4.69602 -0.65619 1.417201 0.593804 1.745227 -0.091227
124 835.9124755859375 183.4071807861328 873.4844360351562 258.1188659667969 18.161345 -6.27937 -1.234889 0.609129 0.695892 1.846947 0.119492
129 461.6249084472656 180.91026306152344 543.6845092773438 242.54185485839844 16.739977 2.295496 -0.774016 3.136268 1.572061 1.289388 0.039758
130 947.7644653320312 158.8968505859375 1034.6552734375 269.6053771972656 11.857334 -6.28184 -0.725603 1.39841 0.596349 1.712812 -1.056494
134 498.3161315917969 165.6448974609375 525.3580322265625 259.5842590332031 13.237848 1.7296 -0.679788 0.458298 0.556581 1.673301 -1.383377
136 558.1134643554688 201.9989776611328 672.0794677734375 263.11138916015625 18.184702 -0.250639 -1.430677 2.623654 1.240822 1.394911 -1.901375
143 245.69471740722656 224.92041015625 454.5513610839844 330.0157775878906 13.310281 4.739595 -1.718347 3.449752 1.948339 1.443536 0.976451
144 916.896728515625 174.29965209960938 1002.9263916015625 273.01885986328125 12.06936 -5.853715 -0.89903 1.193399 0.456036 1.601081 -1.672218
145 892.497802734375 156.05776977539062 994.787841796875 259.6651611328125 12.225463 -5.668966 -0.641646 1.519241 0.568384 1.681894 -1.367851
148 754.1954345703125 189.27566528320312 786.2617797851562 264.8204345703125 14.739525 -3.341216 -1.118039 0.454297 0.545011 1.510738 0.007089
153 708.6904907226562 204.7616729736328 736.2351684570312 269.34423828125 17.800234 -2.88561 -1.572609 0.440837 0.599146 1.537553 -2.229332
154 492.8848876953125 104.5986099243164 604.7158813476562 178.93064880371094 19.462687 1.337203 0.775179 4.619585 2.141142 1.745439 -0.121975
155 969.7379760742188 174.11024475097656 1022.0556030273438 271.9437255859375 11.983375 -6.421742 -0.882506 0.574569 0.612707 1.556549 2.335267
156 856.68994140625 168.1090545654297 950.7323608398438 267.970458984375 12.167782 -4.947535 -0.791868 1.362177 0.652677 1.606602 1.336039
157 960.1204223632812 170.11459350585938 1025.4639892578125 273.20806884765625 12.198764 -6.451178 -0.850161 1.596189 0.573584 1.60985 2.897376
161 153.0570526123047 145.45042419433594 315.3055419921875 224.00929260253906 15.921134 7.991071 -0.124701 2.759553 2.588125 1.547775 1.877792
163 16.98183822631836 165.86473083496094 78.27926635742188 253.35646057128906 14.709809 11.324873 -0.564408 0.806822 0.697568 1.719782 3.358985
165 972.9834594726562 163.5294952392578 1017.1312255859375 265.6595764160156 11.816571 -6.330478 -0.724615 1.327223 0.533308 1.560007 -0.577943
166 904.4244995117188 165.76239013671875 1000.962158203125 264.10430908203125 11.448302 -5.449446 -0.701626 1.412718 0.676867 1.459592 2.074729
168 744.2205810546875 146.79345703125 763.9324340820312 166.5894317626953 60.359711 -12.775231 1.453874 3.545262 1.458306 1.555409 -0.157945
172 104.70327758789062 130.730712890625 306.35308837890625 206.36090087890625 16.792761 9.178091 0.231907 3.716348 1.747228 1.661188 1.54621
176 667.8687133789062 140.34947204589844 680.6817016601562 174.95108032226562 40.037365 -3.960366 0.951029 0.847351 0.612515 1.915378 3.171205
179 662.5601196289062 140.59591674804688 682.6929321289062 178.24000549316406 40.091316 -3.875207 0.852096 0.987337 0.580479 2.088758 -2.019771
181 30.66006851196289 188.5624542236328 163.916015625 232.38214111328125 25.010738 17.55299 -0.952398 3.552646 1.715189 1.366017 -3.348171
183 616.5543823242188 146.8354949951172 786.309814453125 219.496337890625 18.764639 -2.423662 -0.253836 3.810422 2.347926 1.735505 -1.355699
184 711.1537475585938 133.4950408935547 828.310302734375 309.396728515625 8.593687 -1.852812 -0.582707 1.256336 0.748688 1.947623 -1.684959
185 885.8851928710938 160.73236083984375 957.8279418945312 268.3124694824219 11.992845 -5.163354 -0.712046 1.622802 0.5217 1.651466 -3.18609
186 1001.4078369140625 157.54220581054688 1060.0394287109375 261.7672119140625 12.342521 -7.201622 -0.69872 0.555284 0.722515 1.719262 -1.554338
190 914.06689453125 184.427734375 985.8951416015625 283.67919921875 11.40154 -5.342907 -0.980388 1.353578 0.514494 1.452039 3.096841
191 1001.04052734375 160.63668823242188 1051.826171875 268.2950744628906 12.024271 -6.953526 -0.755146 0.554985 0.702505 1.718587 -0.574656
192 1141.2764892578125 123.3276596069336 1211.54931640625 234.397705078125 13.304943 -10.474778 -0.235755 0.895707 0.603349 1.975801 1.860754
193 293.67864990234375 162.88247680664062 358.9019470214844 238.6671905517578 15.93718 6.148784 -0.502199 1.161186 0.694781 1.633641 1.54793
194 502.33587646484375 192.15855407714844 639.7406005859375 259.49212646484375 18.301617 0.90709 -1.251345 3.33949 1.609696 1.587852 1.671872
195 826.3626708984375 165.59243774414062 926.3923950195312 272.6748352050781 10.648487 -3.946203 -0.693187 1.477982 0.662108 1.458335 2.194087
198 322.47412109375 163.35507202148438 428.8457336425781 275.2572326660156 11.29615 3.535963 -0.626826 1.672061 0.660051 1.593228 -0.373427
201 891.1636352539062 156.73284912109375 1001.9234619140625 273.4813232421875 11.356452 -5.251199 -0.685886 1.599757 0.639279 1.68117 0.296544
202 900.2365112304688 172.2958221435547 950.7537841796875 269.1470947265625 12.575848 -5.523233 -0.875353 0.578019 0.551427 1.632312 -1.294836
203 322.180419921875 169.60214233398438 420.3993835449219 267.8204040527344 11.161968 3.588716 -0.641775 1.307972 0.590225 1.46218 -1.586203
205 1089.854248046875 156.26547241210938 1166.6068115234375 254.17263793945312 11.873373 -8.494864 -0.613456 1.251979 0.444834 1.511164 3.023719
206 498.7747497558594 131.9935760498047 666.67822265625 227.90370178222656 18.11009 0.73239 -0.134315 4.455586 2.569143 2.063804 0.46972
207 757.5875854492188 146.6309814453125 794.562744140625 169.14352416992188 49.937706 -12.066474 1.080475 3.47125 1.951491 1.465062 3.076461
209 501.7305908203125 175.2073211669922 656.852783203125 244.77317810058594 17.318182 0.606189 -0.814545 3.531449 1.784281 1.582578 1.579818
210 265.912109375 162.47471618652344 375.0969543457031 282.7390441894531 10.871737 4.217619 -0.638772 1.678917 0.519898 1.643564 -0.352632
212 889.593505859375 161.3972930908203 936.6796264648438 263.6773681640625 11.996167 -5.049677 -0.69968 0.708762 0.55273 1.632539 2.982744
213 646.2194213867188 157.70823669433594 775.3162231445312 222.92771911621094 18.737968 -2.636755 -0.421501 3.598018 1.501491 1.519444 0.476174
214 959.7434692382812 162.33560180664062 1009.0518798828125 265.5172424316406 11.998402 -6.215499 -0.719516 1.43346 0.530537 1.593433 -0.359309
217 444.5138244628906 182.19302368164062 614.0628662109375 250.757568359375 16.50231 1.715889 -0.869202 3.502108 1.621136 1.402981 -1.000775
219 576.5679321289062 165.3644256591797 608.1974487304688 187.2403564453125 51.101307 0.85118 -0.02856 3.800896 1.979251 1.509401 -3.046637
221 940.7952880859375 162.5789337158203 1029.9110107421875 275.1388854980469 11.996224 -6.199465 -0.788629 1.777151 0.510967 1.718145 3.143634
223 589.1943359375 162.0866241455078 617.8151245117188 181.03941345214844 51.69175 0.039602 0.293309 3.624818 1.380318 1.325426 -2.938922
225 319.3693542480469 167.96929931640625 419.5841979980469 272.86529541015625 11.102834 3.608814 -0.647274 1.360319 0.550636 1.510783 -1.024469
226 489.2768859863281 141.7648162841797 667.7756958007812 218.33192443847656 19.055889 0.725083 -0.140381 4.284199 2.061363 1.839541 -1.197717
227 491.9004821777344 133.98501586914062 650.8816528320312 214.4738006591797 18.4228 0.731699 -0.007609 4.052969 2.13974 1.799558 -0.558293
228 559.8380126953125 202.46978759765625 642.9896240234375 264.0510559082031 17.852942 0.041692 -1.396472 2.780805 1.145318 1.302584 2.780727
231 501.6703796386719 116.75712585449219 603.8602294921875 174.10646057128906 20.50938 1.37276 0.77294 3.434725 1.819195 1.447423 -0.285833
233 7.148801326751709 181.16290283203125 199.74966430664062 250.9514617919922 17.288464 11.873357 -0.792523 3.123611 2.118865 1.553624 -1.489129
234 239.0088348388672 171.04779052734375 362.6473083496094 273.5863342285156 10.86615 4.51695 -0.652605 1.630137 0.58886 1.454481 -1.296027
236 504.1941833496094 169.41751098632812 528.0473022460938 256.44036865234375 13.400172 1.661708 -0.696119 0.393058 0.548661 1.574275 -1.530916
237 110.54011535644531 167.91246032714844 161.2150421142578 265.64178466796875 13.599884 8.808664 -0.677936 0.70448 0.591112 1.775963 -1.151947
239 517.513671875 179.07232666015625 552.771484375 255.03138732910156 13.301147 1.305597 -0.767386 0.411584 0.51111 1.358812 -0.77479
240 327.3211975097656 171.90939331054688 419.2992248535156 273.26177978515625 11.086572 3.558457 -0.678506 1.334035 0.582561 1.458399 -2.085403
242 837.0237426757812 158.53109741210938 945.4571533203125 267.2648010253906 11.690083 -4.55516 -0.667366 1.483079 0.644403 1.634507 0.813143
243 501.4292907714844 167.71157836914062 544.5606689453125 258.913818359375 13.117738 1.508235 -0.686582 0.421063 0.665143 1.602724 -0.625359
245 217.48306274414062 200.37408447265625 381.4756164550781 267.165283203125 19.019598 7.974282 -1.373945 3.683319 1.575114 1.4722 -0.646653
247 385.8624572753906 151.32911682128906 439.60565185546875 278.9643249511719 11.658963 3.07326 -0.590356 1.840277 0.640115 1.872069 0.158274
250 146.0672149658203 161.7816619873047 420.50091552734375 262.4839172363281 12.836993 5.587871 -0.523842 4.042694 1.886113 1.489191 -0.845538
251 697.9025268554688 186.17257690429688 891.2449951171875 274.2032165527344 12.90071 -3.226655 -0.948286 3.147357 1.41577 1.328206 0.610436
254 469.6466979980469 192.66944885253906 600.512451171875 255.59652709960938 17.872341 1.783078 -1.170411 3.110743 1.448945 1.439915 1.747447
255 254.0029296875 161.0414276123047 335.9345703125 279.3201599121094 11.060043 4.683082 -0.611496 1.6592 0.71797 1.648835 0.138946
258 299.5802917480469 175.43809509277344 457.2577819824219 273.4948425292969 12.718779 3.7981 -0.734267 3.611705 1.448245 1.462653 -0.05249
260 996.86376953125 167.9014129638672 1061.307373046875 264.4237060546875 12.133497 -7.052665 -0.788274 0.570842 0.728107 1.552184 -1.142678
261 704.0709228515625 138.82093811035156 808.1119384765625 305.6549377441406 8.951026 -1.824616 -0.603509 1.123605 0.912481 1.889248 -1.924551
262 103.35356140136719 173.75515747070312 163.98101806640625 260.6031188964844 13.534739 8.794518 -0.672558 1.125459 0.490833 1.548596 0.123746
263 929.5096435546875 214.7803497314453 1130.0693359375 295.4143371582031 16.916052 -9.824722 -1.92787 3.85738 1.747461 1.522672 -2.12883
264 251.53591918945312 193.60366821289062 406.2521667480469 254.04591369628906 18.958908 7.216037 -1.157289 3.309776 1.866081 1.444953 -1.742024
265 821.8346557617188 179.6689910888672 1047.4227294921875 272.4606018066406 12.800073 -5.639062 -0.892673 3.413893 1.25756 1.410326 0.652505
266 890.31591796875 158.61669921875 997.3654174804688 275.7959289550781 10.9037 -4.992773 -0.690301 1.483328 0.713205 1.62318 -2.966549
268 707.9249267578125 147.05616760253906 818.2478637695312 297.8539123535156 9.372637 -1.981703 -0.631119 1.042739 0.909531 1.782832 -2.417469
273 225.6708984375 184.81581115722656 427.208984375 286.00823974609375 11.696376 4.307312 -0.823582 3.289551 1.247672 1.35401 -0.292854
274 483.79150390625 101.80348205566406 581.231689453125 178.97067260742188 19.394573 2.116767 0.783402 5.737368 1.644344 1.741435 0.274958
276 861.0399169921875 180.31996154785156 900.367919921875 271.8335266113281 12.36166 -4.661184 -0.945217 0.480779 0.501161 1.525906 -0.062956
277 858.8954467773438 161.1260223388672 970.1610717773438 272.53387451171875 11.871299 -4.978078 -0.733925 1.689563 0.652355 1.677941 -2.757636
283 255.68490600585938 170.49819946289062 286.7160339355469 249.80381774902344 13.928097 6.439685 -0.606132 0.498474 0.523929 1.485197 -1.048741
284 729.97265625 151.7455291748047 761.8067016601562 171.8921661376953 61.395069 -12.341919 1.040961 3.909162 1.962932 1.625047 -0.396744
285 892.9693603515625 174.31585693359375 936.9702758789062 285.3635559082031 11.932052 -5.038812 -0.94703 1.407401 0.448505 1.70862 -0.258218
286 503.18304443359375 144.2180633544922 637.6948852539062 214.0161590576172 19.047697 0.935736 -0.114963 3.205807 1.655884 1.691226 0.972985
287 185.94699096679688 171.20315551757812 423.527587890625 279.28314208984375 10.97199 4.496999 -0.641341 3.065657 1.414317 1.403639 2.179981
291 626.6704711914062 166.63157653808594 678.4688720703125 266.6589050292969 13.015941 -0.818857 -0.768909 0.803696 0.633282 1.742268 1.734202
294 731.8049926757812 157.0167694091797 846.7696533203125 215.2542724609375 19.47563 -4.867729 -0.362994 3.501789 1.602811 1.422902 0.213033
296 659.8682250976562 140.29942321777344 692.7503662109375 174.141357421875 41.293137 -4.254972 0.962833 4.295446 1.469293 1.812471 -0.202899
297 269.08148193359375 200.43824768066406 415.0718688964844 266.8362121582031 19.821301 7.300158 -1.453676 4.053424 1.609992 1.568136 1.022252
298 906.8424072265625 157.0726318359375 1002.4625244140625 257.5657043457031 12.244538 -5.828018 -0.620986 1.543299 0.583189 1.578889 -2.89567
302 478.6351623535156 121.83167266845703 641.4691162109375 212.0878143310547 17.697962 1.239388 0.149804 4.179288 2.250818 1.914836 0.567266
303 612.7423095703125 178.8971710205078 700.831298828125 248.83387756347656 16.264154 -1.049503 -0.830094 3.382557 1.574509 1.405847 -3.092071
304 714.222412109375 137.2536163330078 745.9100341796875 209.01034545898438 18.481535 -3.214116 -0.013828 0.676507 0.590463 1.801399 -1.996203
305 750.2455444335938 143.3087615966797 779.202880859375 162.48709106445312 55.691868 -12.600748 1.620335 3.774532 1.659073 1.350322 3.070176
306 345.5025939941406 170.26797485351562 390.9720458984375 280.0957946777344 11.253197 3.659744 -0.708716 1.603382 0.610679 1.563801 -2.85459
308 674.6887817382812 182.57972717285156 934.7421875 281.0662841796875 11.526874 -3.098684 -0.875321 3.752073 1.492182 1.354819 1.16865
311 639.2252807617188 145.24969482421875 795.2426147460938 220.3903350830078 19.83939 -2.854416 -0.256052 5.380634 1.882912 1.77124 0.346686
312 254.765380859375 168.73406982421875 349.4133605957031 279.0299987792969 10.726178 4.44638 -0.653538 1.323914 0.553365 1.510006 -0.301607
313 875.496337890625 161.1958770751953 993.6416015625 277.287841796875 11.865534 -5.289268 -0.769682 1.878636 0.589883 1.734872 -2.790334
314 428.6045837402344 184.18992614746094 576.4088134765625 253.4541778564453 17.161354 2.432867 -0.956939 3.101568 1.586709 1.483527 -0.97428
317 305.1508483886719 168.6585693359375 397.4131774902344 283.538818359375 10.837957 3.761022 -0.697165 1.434319 0.575642 1.582536 -0.263744
321 187.98268127441406 167.67483520507812 301.9867858886719 286.1929016113281 11.206713 5.520149 -0.708429 1.508707 0.662603 1.684756 -0.365253
322 142.01158142089844 142.68885803222656 187.34780883789062 224.74740600585938 14.1221 8.588182 -0.085479 0.502063 0.566168 1.562265 1.409649
324 549.3975219726562 183.40072631835938 732.3258056640625 253.72494506835938 16.115091 -0.782309 -0.931279 3.753587 1.610596 1.410462 -1.982215
329 877.7767333984375 164.3709716796875 989.1188354492188 266.17816162109375 12.182285 -5.455559 -0.73921 1.579458 0.613659 1.59466 -2.405032
331 837.3465576171875 173.2838592529297 908.5907592773438 261.9857177734375 12.815721 -4.68736 -0.809914 1.225151 0.473411 1.48558 0.379022
333 857.6353149414062 171.68699645996094 901.2108154296875 259.4284362792969 12.576671 -4.734441 -0.776959 0.647588 0.483443 1.475729 1.071358
334 682.2652587890625 171.66001892089844 815.2178955078125 231.1532745361328 18.627724 -3.697789 -0.708913 2.989179 1.593116 1.431582 -1.190529
335 266.06341552734375 172.16488647460938 351.5140380859375 278.5837707519531 11.045689 4.473267 -0.691943 1.515437 0.60014 1.496378 -0.050077
336 594.1980590820312 198.30393981933594 626.9220581054688 277.3664245605469 13.888586 -0.074414 -1.214403 0.602041 0.442759 1.458743 3.495853
337 160.6163330078125 141.94906616210938 318.93341064453125 217.30882263183594 16.596495 8.380112 -0.021876 2.95285 1.800092 1.56011 2.23313
341 591.068603515625 141.83839416503906 701.7091674804688 220.04495239257812 19.482367 -0.928093 -0.184965 5.308441 1.860402 1.812474 0.164074
344 776.9281005859375 171.8953094482422 809.9234619140625 242.93345642089844 18.071451 -4.714994 -0.879839 0.503289 0.639653 1.752135 0.222259
345 322.4893493652344 167.70094299316406 430.73284912109375 275.48187255859375 11.178066 3.484037 -0.652962 1.665915 0.640782 1.517645 -0.409515
348 859.8932495117188 162.88055419921875 982.3772583007812 272.07391357421875 11.150325 -4.798683 -0.708924 1.620529 0.666041 1.560008 -2.168895
349 515.775146484375 178.18275451660156 546.9605102539062 267.0394287109375 13.100367 1.359575 -0.854102 0.493329 0.445403 1.566324 0.371402
350 223.69003295898438 175.1559600830078 332.85162353515625 290.4847717285156 10.511194 4.691113 -0.750939 1.461235 0.542655 1.533269 -0.369862
351 925.7084350585938 215.60728454589844 1050.8045654296875 281.9646301269531 18.233765 -9.554315 -1.935655 3.07021 1.692622 1.373747 -0.082488
352 604.1460571289062 138.5955352783203 759.6076049804688 222.8805694580078 18.800144 -2.187608 -0.19262 5.010601 2.315202 1.874236 -0.497414
356 985.0496826171875 161.6992950439453 1039.8056640625 259.4455261230469 12.192971 -6.81443 -0.700256 0.567868 0.593396 1.586925 -1.041116
358 160.38275146484375 201.19947814941406 364.4026184082031 303.9618835449219 11.185067 5.227865 -1.060774 2.548638 1.263685 1.303344 2.348696
359 253.11483764648438 180.92295837402344 462.5113525390625 275.6312255859375 11.948469 4.145653 -0.764724 3.627164 1.093606 1.374146 1.072941
361 136.35621643066406 172.9308624267578 400.2557678222656 277.31036376953125 10.692648 4.951313 -0.633903 3.594509 1.272311 1.35901 1.261117
362 633.3896484375 193.84461975097656 755.1275634765625 262.4630432128906 15.094791 -1.880323 -1.095939 2.488766 1.243325 1.256828 -0.799643
365 585.6397705078125 175.82754516601562 699.2807006835938 239.48179626464844 16.621504 -0.925706 -0.722363 2.892866 1.572955 1.319043 2.667506
366 393.2401123046875 154.98350524902344 490.0364685058594 268.87628173828125 12.028589 2.700117 -0.572547 1.48539 0.718012 1.752556 -0.565069
369 683.8989868164062 196.2927703857422 756.8538208007812 265.7141418457031 14.873587 -2.335173 -1.190276 1.374049 0.679119 1.37685 -1.533162
373 855.1803588867188 165.5150909423828 904.75732421875 262.69256591796875 12.267053 -4.617822 -0.733476 0.541184 0.578019 1.588442 2.185961
376 288.32470703125 161.3530731201172 402.7579040527344 286.9237976074219 11.091874 3.920535 -0.67415 1.812397 0.562586 1.743313 -0.387595
378 710.43359375 135.55184936523438 747.7945556640625 213.1142120361328 18.528084 -3.18548 -0.042742 0.841197 0.640329 1.961285 1.586415
382 283.8797912597656 169.40802001953125 384.4080505371094 271.4026184082031 10.993879 4.08146 -0.642061 1.347608 0.607384 1.473108 -1.339094
383 50.349552154541016 166.04071044921875 88.52369689941406 250.07449340820312 14.514242 10.755815 -0.533622 0.686462 0.557498 1.631884 -2.414549
384 707.9590454101562 132.4828643798828 826.1889038085938 194.23727416992188 19.424271 -4.495641 0.189418 4.38429 1.485129 1.47585 -0.637365
385 697.9031982421875 173.42454528808594 810.261962890625 229.40646362304688 18.356293 -3.730712 -0.695267 2.807286 1.084463 1.312699 0.621247
386 226.9231414794922 168.2928466796875 331.710205078125 273.2832336425781 10.824817 4.845314 -0.61289 1.217997 0.733691 1.45385 -0.710103
388 510.26470947265625 183.2329559326172 543.3153076171875 269.4189147949219 13.062164 1.429294 -0.920132 0.551992 0.510999 1.518395 1.598058
389 223.15274047851562 180.67776489257812 384.5338134765625 303.5223083496094 10.881886 4.317185 -0.822436 3.457502 1.46923 1.51447 0.172266
391 950.8363647460938 161.29769897460938 1041.7479248046875 276.0613708496094 10.722625 -5.677447 -0.708528 1.578949 0.508818 1.55959 -3.176897
392 505.3114013671875 140.76971435546875 553.4952392578125 223.80438232421875 18.060896 1.906852 -0.174065 0.899477 0.908743 2.009669 -2.60479
393 215.77003479003906 156.20498657226562 333.9862976074219 272.83453369140625 11.045638 4.968869 -0.527418 1.646332 0.813766 1.621029 -3.331433
395 838.1743774414062 165.50823974609375 936.134033203125 240.0576629638672 15.695015 -5.987942 -0.643156 3.639261 1.494962 1.416263 -0.243803
396 924.6239013671875 159.05886840820312 980.403076171875 267.36407470703125 11.980611 -5.675995 -0.700943 1.447788 0.474142 1.670873 -0.201749
397 655.5399169921875 166.85621643066406 698.6507568359375 260.03448486328125 13.265359 -1.296476 -0.732748 0.64792 0.467823 1.657287 -2.110449
398 494.48590087890625 177.74436950683594 519.4064331054688 263.2772216796875 13.427928 1.836741 -0.833295 0.529326 0.408902 1.551827 0.041146
404 644.884033203125 169.88575744628906 687.0088500976562 261.3841247558594 13.453273 -1.106128 -0.778582 0.551765 0.550999 1.649133 0.664999
406 770.2537841796875 177.14215087890625 804.1923828125 244.6958770751953 18.064707 -4.556592 -0.967107 0.424555 0.725037 1.67262 0.084017
408 759.4166259765625 177.06056213378906 785.9132080078125 245.6859893798828 18.075027 -4.195273 -0.97205 0.443618 0.482724 1.695336 0.350214
409 824.226806640625 158.57196044921875 997.2135009765625 247.10752868652344 12.609498 -5.314723 -0.539661 2.83469 1.441097 1.366214 -0.989216
414 25.32429313659668 196.58204650878906 132.54519653320312 246.274169921875 22.478786 16.331636 -1.186219 3.319575 1.591877 1.345824 -2.876595
416 428.2800598144531 184.57835388183594 610.2583618164062 249.5421905517578 17.521957 2.068192 -0.952992 4.072646 1.650422 1.440165 1.293531
418 511.7625732421875 133.79881286621094 615.3339233398438 215.650634765625 19.069479 0.946504 -0.014166 4.40416 2.040954 1.903238 -0.10874
419 805.9581909179688 155.6319122314453 853.2462158203125 253.63209533691406 14.355556 -4.425659 -0.659372 0.851617 0.554306 1.895069 -1.796894
420 995.4173583984375 168.76986694335938 1033.8074951171875 263.76885986328125 12.007483 -6.745671 -0.781502 0.611704 0.5367 1.517385 2.608779
421 803.39013671875 153.49093627929688 863.532958984375 182.9015655517578 39.487709 -12.636905 0.213361 4.25153 1.675837 1.538758 -3.064258
423 64.68828582763672 164.77198791503906 142.72589111328125 264.7893371582031 12.870866 8.888238 -0.594961 0.972584 0.597503 1.695509 2.88514
427 742.7349243164062 130.88302612304688 901.8262939453125 189.66726684570312 18.889954 -5.635432 0.270674 3.624253 1.686382 1.461091 -1.485593
429 135.53640747070312 167.7928009033203 189.31996154785156 259.60015869140625 13.689915 8.375236 -0.630811 0.736333 0.498039 1.676156 2.47432
437 875.5564575195312 179.258544921875 978.1536865234375 270.91607666015625 12.575586 -5.42651 -0.857724 3.298383 1.292623 1.359839 -0.327366
441 251.36619567871094 175.5955352783203 494.53594970703125 270.90948486328125 11.39783 3.510916 -0.691956 3.456969 1.244271 1.375088 1.716492
442 173.3471221923828 187.56167602539062 360.67022705078125 287.9125061035156 11.154718 5.01592 -0.81757 3.059692 0.959587 1.278076 -0.190466
443 93.110107421875 163.66937255859375 140.95382690429688 248.45870971679688 13.610247 9.161449 -0.475879 0.958319 0.357335 1.531303 0.151959
445 661.7930297851562 172.11355590820312 955.9616088867188 286.2850036621094 10.856363 -2.862763 -0.750219 3.911723 1.575231 1.397249 0.849843
446 361.6086730957031 174.2703857421875 525.3257446289062 250.40257263183594 16.512659 3.669484 -0.769453 3.443434 1.913035 1.600743 -1.345989
447 453.9596252441406 141.05108642578125 623.9622802734375 216.7676544189453 15.560517 1.294708 -0.095876 3.675997 1.877992 1.410164 -0.518833
449 82.7835922241211 150.0081329345703 175.4059600830078 249.7271728515625 13.678464 8.959236 -0.361762 1.415526 0.551945 1.774317 -0.30518
453 1162.6846923828125 118.23443603515625 1219.9356689453125 227.40802001953125 13.03495 -10.530416 -0.130709 0.715805 0.587921 1.897371 2.109345
455 867.6268920898438 163.87962341308594 937.51904296875 283.5540466308594 10.413889 -4.24269 -0.726823 1.766817 0.846962 1.542964 -0.435054
457 836.8328247070312 162.714111328125 879.9013061523438 264.44775390625 12.990602 -4.504108 -0.761948 0.64678 0.630231 1.769512 2.958587
458 892.2490844726562 163.58555603027344 998.5263671875 264.6850280761719 11.601687 -5.393404 -0.708435 1.473268 0.563662 1.556318 -1.403139
459 159.12913513183594 149.90371704101562 193.85707092285156 237.2224884033203 14.043686 8.330808 -0.268331 1.235587 0.496247 1.612291 0.609324
460 669.6400756835938 158.0709228515625 761.9741821289062 301.3004150390625 9.459739 -1.403917 -0.726852 1.033613 0.707737 1.743463 -1.982412
462 778.2048950195312 160.660400390625 823.75634765625 251.91372680664062 12.816268 -3.426664 -0.611902 0.799552 0.644226 1.557517 3.047889
469 168.33013916015625 174.48583984375 449.5404968261719 313.0222473144531 9.592812 3.616966 -0.721721 3.552725 1.473043 1.439802 -0.29566
471 227.07949829101562 199.67576599121094 269.89739990234375 279.2496032714844 13.952969 6.882088 -1.156689 0.847723 0.358805 1.46041 -0.061687
472 402.05279541015625 182.91433715820312 542.4736328125 249.78952026367188 17.214249 3.044369 -0.876474 3.465614 1.960135 1.400907 -0.276428
475 40.49317932128906 184.36651611328125 203.06912231445312 267.38702392578125 14.413488 9.454678 -0.822996 3.179433 1.188671 1.445056 0.049473
476 971.43701171875 169.09239196777344 1030.3426513671875 269.0096740722656 11.82656 -6.40906 -0.813197 0.572655 0.60981 1.576597 0.262093
477 584.0535888671875 228.57058715820312 624.6909790039062 322.1688232421875 13.751077 0.055939 -1.909483 0.601928 0.628367 1.677062 -2.857534
478 326.34521484375 198.47845458984375 508.2183532714844 275.2657165527344 13.667839 3.524514 -1.092619 3.160691 1.314515 1.278824 -1.293304
482 549.232666015625 181.12039184570312 669.8433837890625 250.70713806152344 16.167599 0.032331 -0.843535 3.55864 1.496161 1.365988 -2.771839
483 815.85009765625 184.33135986328125 961.1724243164062 279.2796936035156 11.36856 -4.242171 -0.871953 3.006911 1.299695 1.258036 -0.091735
487 945.785400390625 160.79302978515625 1005.8609619140625 265.7998046875 11.881982 -6.024964 -0.717593 0.746251 0.521204 1.656413 0.178146
488 823.731689453125 154.8424530029297 929.8507080078125 265.4608459472656 11.879519 -4.383496 -0.629312 1.465517 0.767967 1.679397 0.512193