1 796.579345703125 168.28778076171875 995.205322265625 358.1361083984375 9.770151 -3.374688 -0.917882 4.189544 1.679202 1.910511 -0.191776
2 658.2501831054688 194.672119140625 704.2890014648438 230.1801300048828 34.721245 -3.269706 -1.586855 3.811269 1.643709 1.480848 0.048334
3 814.5947875976562 177.1069793701172 1033.197265625 348.64398193359375 9.461815 -3.621066 -0.927993 3.665347 1.670616 1.696238 -0.153969
4 753.2772827148438 181.8008575439453 945.0798950195312 350.03131103515625 9.74146 -2.785759 -0.983186 3.990859 1.452434 1.676055 -0.073702
5 549.4769897460938 187.8465118408203 569.4002685546875 223.08990478515625 38.309063 2.722506 -1.342991 1.676839 0.448938 1.778336 -0.316544
6 654.9926147460938 176.9472198486328 672.32373046875 193.98489379882812 67.902603 -4.998215 -0.579512 3.30173 1.276193 1.535735 2.960401
7 580.811767578125 195.8948211669922 612.5859375 216.8575897216797 61.438534 1.235279 -2.227314 4.234303 1.699766 1.565466 -2.874557
8 699.18115234375 173.67417907714844 873.0781860351562 334.21533203125 9.721252 -1.997944 -0.841462 3.703016 1.652053 1.668089 -0.083866
11 671.4693603515625 177.71327209472656 684.5985107421875 202.5140380859375 51.172131 -4.740442 -0.79927 0.730099 0.606786 1.726132 2.411628
15 646.8482055664062 191.76797485351562 687.9480590820312 228.60096740722656 34.466225 -2.594002 -1.461483 3.80205 1.624479 1.547136 0.004646
16 665.072998046875 176.93698120117188 686.6026611328125 197.78550720214844 62.107998 -5.55867 -0.69901 3.886675 1.652606 1.706611 3.097877
17 558.6068725585938 189.97711181640625 573.5914916992188 216.54518127441406 48.356323 2.990202 -1.556036 0.856331 0.520471 1.735818 1.193159
18 579.7833862304688 193.9259796142578 627.6378784179688 215.8973388671875 61.783081 0.634533 -2.122357 4.171696 1.683773 1.686049 -2.382652
20 613.0737915039062 190.7224884033203 683.5784301757812 227.9733428955078 33.846722 -1.633729 -1.377744 4.107301 1.805138 1.505649 0.350072
22 499.0293884277344 179.12457275390625 521.8179321289062 235.11776733398438 23.767624 3.307165 -0.894066 0.577662 0.495552 1.791055 -1.87839
23 652.083984375 177.9666748046875 677.6211547851562 197.1906280517578 61.70171 -4.583427 -0.706812 3.711834 1.981095 1.559391 -0.025655
24 622.6828002929688 190.69544982910156 665.9053344726562 228.78799438476562 32.475544 -1.401492 -1.343996 3.887238 1.79568 1.498838 -0.014455
26 432.57373046875 190.74913024902344 471.67645263671875 270.66644287109375 16.51193 3.601407 -1.120855 1.581725 0.5566 1.668899 -3.12608
27 485.2203063964844 172.6248779296875 524.2964477539062 237.47772216796875 21.813961 3.208082 -0.747726 0.829964 0.810113 1.882438 2.384365
28 398.80029296875 193.79946899414062 438.0692138671875 286.06671142578125 14.552577 3.860881 -1.183421 0.538393 0.540774 1.752563 -2.283944
29 597.5198364257812 195.43533325195312 632.1193237304688 214.44956970214844 61.5056 -0.319072 -2.134495 3.039488 1.729781 1.457406 -2.670598
30 568.2542724609375 189.1782684326172 613.1917724609375 213.4346160888672 60.605083 1.71918 -1.761949 4.140832 2.259001 1.841451 -2.694375
33 678.4285278320312 155.9346466064453 701.8588256835938 179.8826904296875 48.116264 -5.240512 0.687277 3.748733 1.441391 1.523831 -0.083732
34 555.8496704101562 192.354736328125 581.8118896484375 214.00900268554688 53.796452 3.079577 -1.696795 4.245533 1.564321 1.425203 -0.02928
35 570.473876953125 189.26483154296875 579.3824462890625 211.5291748046875 56.005444 2.768373 -1.577805 1.160637 0.558574 1.673274 -0.066045
36 649.680419921875 176.98316955566406 669.8353271484375 195.14117431640625 67.664963 -4.624726 -0.622441 4.212212 1.567914 1.615076 2.99755
38 623.7011108398438 191.90184020996094 677.9772338867188 226.3459014892578 37.002285 -2.08061 -1.497331 4.578649 1.662287 1.507475 -0.31041
41 493.8498229980469 174.2213134765625 527.5230712890625 233.50083923339844 23.857775 3.313765 -0.782053 0.893643 0.666366 1.891438 -1.006471
42 668.471435546875 178.6590576171875 679.5126342773438 197.29396057128906 60.343613 -5.274033 -0.752571 0.605174 0.74102 1.530882 0.891188
45 552.3502197265625 182.9664306640625 567.7877197265625 220.13328552246094 38.455498 2.704952 -1.150071 0.817163 0.557946 1.92802 -0.299435
47 576.8837890625 192.62001037597656 634.4338989257812 229.61892700195312 32.599464 0.199676 -1.393354 3.765604 1.665269 1.440956 -0.254325
50 527.4205932617188 163.21421813964844 550.021484375 205.25534057617188 34.868145 3.473686 -0.210842 0.891584 0.622094 1.983527 -0.734055
53 353.4390869140625 194.38864135742188 450.8705749511719 279.49993896484375 14.38055 4.031337 -1.03033 3.221226 1.627202 1.350703 3.369267
54 714.4318237304688 189.09034729003906 732.0435791015625 230.46885681152344 28.866322 -4.415641 -1.270875 0.620602 0.550808 1.598086 2.731783
56 668.5484619140625 191.3451385498047 704.9085083007812 227.29690551757812 34.52338 -3.607763 -1.431343 3.911753 1.61808 1.498905 -0.126953
57 426.5425109863281 196.26670837402344 520.150390625 264.67108154296875 17.189495 3.344481 -1.128463 3.164333 1.310403 1.329429 -2.667386
58 571.9096069335938 188.1415252685547 597.4688110351562 211.09774780273438 60.636379 2.205092 -1.628754 3.207333 1.648857 1.791077 -2.948102
59 678.5934448242188 169.46331787109375 692.1279907226562 198.14854431152344 44.877758 -4.603386 -0.324589 0.702693 0.578138 1.754747 2.571965
62 136.79757690429688 190.19326782226562 242.77024841308594 362.1721496582031 7.040333 3.990433 -0.891997 0.692626 0.504765 1.527266 -1.670943
63 692.4898681640625 171.47378540039062 726.5123901367188 198.08035278320312 42.558453 -5.811378 -0.357793 3.639286 1.561469 1.48658 2.887316
65 563.4815063476562 185.41531372070312 600.4679565429688 207.02516174316406 61.583813 2.479517 -1.357228 3.900998 2.192411 1.693703 -2.837861
68 468.6624755859375 161.91929626464844 568.3701171875 245.807373046875 20.54431 2.480638 -0.60317 4.632123 2.019424 2.080513 -0.045165
69 676.3756103515625 163.03697204589844 744.6254272460938 191.67481994628906 41.512627 -5.719619 0.05275 3.923025 1.601634 1.563053 -0.898261
70 657.0447387695312 162.65480041503906 680.4702758789062 178.91307067871094 66.944992 -5.37 0.754358 3.281278 1.600101 1.4637 3.238213
71 407.7122802734375 202.3006591796875 450.2096252441406 280.6341552734375 15.594425 3.89054 -1.281893 1.548269 0.696047 1.506694 3.268345
74 565.1019897460938 192.5722198486328 639.5825805664062 233.4186553955078 29.35108 0.315453 -1.327045 3.510571 1.57842 1.430889 -0.460824
75 413.718017578125 176.5902099609375 459.7445068359375 275.60809326171875 16.177803 3.878091 -1.002921 0.880453 0.677363 2.106153 -3.341561
76 647.6728515625 167.49447631835938 706.0383911132812 190.68751525878906 50.159016 -4.531017 -0.020927 3.92677 1.879291 1.570337 -1.613077
78 500.0160217285156 168.1200714111328 517.2489013671875 222.5973663330078 24.111238 3.401417 -0.502236 1.742847 0.515677 1.731195 0.111413
84 550.06103515625 192.49578857421875 584.7003173828125 214.4955596923828 52.352238 3.105819 -1.678661 3.271528 1.683965 1.436249 -0.211272
88 391.17962646484375 192.6488037109375 429.8535461425781 287.7506408691406 14.233727 3.912563 -1.144035 1.205333 0.5771 1.718244 3.288053
89 509.7076110839844 184.93109130859375 531.5975341796875 237.35325622558594 24.179295 3.022843 -1.044499 0.708754 0.668676 1.69614 1.677605
92 607.0648803710938 186.9449920654297 629.4595336914062 203.0437774658203 67.888664 -0.74344 -1.426253 3.61247 1.624198 1.39109 2.993921
93 527.7588500976562 169.01132202148438 542.94140625 208.69601440429688 34.658592 3.612881 -0.427909 0.677686 0.768978 1.868403 -1.52399
98 407.2344665527344 203.1638946533203 467.8272399902344 275.7667541503906 15.378919 3.666706 -1.235941 1.098869 0.674981 1.399195 2.654796
100 633.405029296875 191.00253295898438 723.2575073242188 223.51988220214844 36.469151 -3.343989 -1.419887 4.09412 1.829152 1.484954 -1.244504
102 98.6175308227539 196.7837677001953 240.2205810546875 373.1352233886719 7.061049 4.14462 -0.928716 1.318452 0.533142 1.449551 -3.133152
103 574.1411743164062 184.40309143066406 597.1939697265625 203.66139221191406 63.25098 2.204382 -1.214276 3.425846 1.415178 1.57321 3.356179
104 688.2301635742188 168.7301025390625 722.1461181640625 198.4998016357422 42.198128 -5.516952 -0.285176 4.060317 1.6874 1.640237 -0.198137
107 730.627685546875 183.9019317626953 746.569580078125 233.12835693359375 26.101852 -4.537904 -1.096927 1.615286 0.541827 1.677255 -0.189044
111 385.47955322265625 170.28030395507812 448.3225402832031 276.7879638671875 14.6648 3.911213 -0.848214 0.791738 0.921584 2.033814 -2.07546
115 683.2935180664062 167.40478515625 697.6627197265625 197.23126220703125 41.809441 -4.57553 -0.225617 0.625662 0.540653 1.699421 0.635069
116 562.3467407226562 200.61929321289062 596.8998413085938 231.2529296875 45.308277 1.92472 -2.226334 3.922576 2.059907 1.674113 -3.122741
118 560.7946166992188 178.5280303955078 588.5664672851562 196.92872619628906 62.666191 3.131623 -0.649244 3.385387 1.735085 1.514141 3.398324
121 455.017578125 164.5510711669922 489.96124267578125 242.83273315429688 17.518967 3.349431 -0.579031 0.674419 0.482558 1.834077 -1.852865
123 575.2976684570312 186.0143585205078 603.8558959960938 206.26034545898438 62.930328 1.862066 -1.391334 3.615854 1.630152 1.630766 -2.862629
124 738.682373046875 148.59739685058594 770.8037109375 211.7411651611328 23.188925 -4.52935 -0.108873 0.533602 0.848775 1.971491 -2.856205
126 602.3822631835938 191.09048461914062 627.4212646484375 212.65939331054688 63.010319 -0.333307 -1.913877 3.586161 1.356699 1.721491 -2.907186
128 449.07794189453125 166.91529846191406 486.2176818847656 250.87144470214844 16.867506 3.337395 -0.671227 0.820679 0.669784 1.881723 -1.381634
129 721.885986328125 137.08958435058594 790.2217407226562 162.7873077392578 47.06295 -9.440171 1.780392 4.26782 1.699511 1.583933 -1.795059
130 548.4475708007812 192.8551788330078 630.3558349609375 230.32351684570312 32.811604 0.925374 -1.41234 4.171195 1.508238 1.458397 -0.607548
131 621.0247192382812 193.7488250732422 644.81298828125 211.55239868164062 64.86219 -2.009373 -2.063734 3.137223 1.759266 1.453743 -3.295705
132 574.0582885742188 172.99716186523438 592.4236450195312 191.7464141845703 65.193382 2.475192 -0.200132 3.556319 1.601794 1.638711 -3.091254
133 448.0777282714844 192.8828125 483.70294189453125 269.54669189453125 16.14727 3.246242 -1.130281 0.722908 0.667007 1.611215 -2.794758
136 563.80419921875 189.31727600097656 595.0706176757812 214.67807006835938 52.712738 2.248055 -1.584852 3.599499 1.89346 1.692101 -0.065923
137 439.2868957519531 195.34518432617188 491.5509033203125 274.821044921875 16.522053 3.344922 -1.220313 1.562014 0.666511 1.642387 -2.601677
139 536.0944213867188 199.97256469726562 606.83544921875 226.01963806152344 44.822556 2.438202 -2.034605 4.07257 1.571626 1.46427 1.310246
142 514.3399047851562 182.09471130371094 531.3978881835938 221.71958923339844 31.033047 3.778724 -0.938876 0.541578 0.478333 1.659655 0.91417
144 591.1856689453125 194.54469299316406 647.9151000976562 226.4686279296875 37.683529 -0.477091 -1.593164 3.649147 1.600637 1.446165 -0.429951
146 645.0194702148438 193.85470581054688 678.9651489257812 228.94619750976562 34.991779 -2.450917 -1.53543 4.272785 1.528108 1.453057 -0.083097
148 370.2353210449219 189.0723876953125 482.6744079589844 265.7228698730469 17.354656 4.266625 -1.038759 3.692198 1.836195 1.528891 -3.106726
151 704.8290405273438 184.4610137939453 731.8193359375 227.38876342773438 29.071939 -4.246279 -1.121209 0.754578 0.841168 1.669362 0.239201
152 678.514892578125 167.89419555664062 687.565673828125 196.442626953125 45.183422 -4.493051 -0.224349 0.782582 0.526985 1.759564 -0.144669
153 339.9241027832031 148.3431396484375 500.7893981933594 279.9729309082031 12.858876 3.124152 -0.498794 4.396349 1.858258 1.884071 0.052262
155 659.2521362304688 171.9747314453125 679.9210205078125 190.3661651611328 68.54493 -5.614253 -0.183756 3.397114 1.585647 1.693467 2.94873
156 419.1747741699219 170.7103271484375 545.3068237304688 236.7304229736328 18.156277 3.264032 -0.545559 2.846633 1.759766 1.486142 -2.354503
157 415.7321472167969 187.24400329589844 506.93927001953125 246.55426025390625 21.254114 4.268397 -1.008715 3.823933 1.879602 1.489224 3.146029
158 550.4573974609375 185.86976623535156 570.6685791015625 205.8688201904297 57.34515 3.940598 -1.227087 3.839554 1.427234 1.457743 0.023899
159 344.5484313964844 181.36343383789062 423.21356201171875 293.47900390625 13.066175 4.043116 -0.980905 1.399608 0.821478 1.851384 -0.125808
160 727.1134643554688 180.82701110839844 903.818359375 329.5172424316406 10.681814 -3.044301 -0.966511 3.902383 1.559005 1.666313 -0.519412
162 568.35693359375 179.96754455566406 594.5723876953125 197.78456115722656 64.326736 2.605891 -0.776183 3.133402 1.333083 1.505629 3.529757
163 602.781494140625 194.0991973876953 629.3170776367188 212.7218780517578 64.005005 -0.447322 -2.087525 3.009113 1.297237 1.505347 -2.761157
164 490.268310546875 175.45172119140625 527.520751953125 234.60736083984375 23.351641 3.311934 -0.796604 1.148173 1.09812 1.830295 -2.929738
165 681.6312255859375 149.85696411132812 777.3636474609375 192.1581573486328 32.860989 -5.22267 0.290068 4.834035 1.888506 1.758162 0.42713
166 567.6082763671875 179.18870544433594 597.5966186523438 198.11500549316406 64.697433 2.519737 -0.759621 3.194591 1.411191 1.613161 -2.647725
169 679.744140625 164.25132751464844 699.4861450195312 197.13284301757812 41.049549 -4.432268 -0.125666 1.749878 0.586134 1.815882 -2.930937
170 468.2911682128906 187.35328674316406 502.0549011230469 247.53770446777344 21.168095 3.695001 -1.073302 1.353197 0.697615 1.6476 -2.762346
171 484.6064453125 183.89312744140625 516.2969970703125 250.20347595214844 20.336479 3.09877 -1.02288 1.438983 0.787828 1.749866 -3.049894
172 440.42974853515625 186.12396240234375 483.071044921875 270.82745361328125 16.403706 3.388223 -1.080441 0.723239 0.73385 1.814308 -2.600259
174 641.5228271484375 192.67298889160156 667.3680419921875 215.0646514892578 50.675343 -3.066321 -1.71559 3.429321 1.709049 1.409932 -0.089106
176 552.5532836914062 180.7421875 590.722412109375 204.36300659179688 48.878418 2.596642 -0.831825 3.632801 1.971987 1.485682 -0.120129
178 803.14208984375 149.37081909179688 838.3045654296875 225.52491760253906 15.089633 -4.249527 -0.253242 0.640405 0.709114 1.519032 1.362197
179 8.0838623046875 179.70175170898438 330.8948059082031 348.5451354980469 8.96884 4.928381 -0.794909 3.689566 2.071841 1.528982 3.30056
181 435.5581970214844 194.55282592773438 511.3926696777344 268.45941162109375 15.9771 2.944052 -1.058639 3.547808 1.283236 1.310191 3.231208
187 723.2174072265625 176.53378295898438 739.1461181640625 217.8688201904297 27.652241 -4.527282 -0.748906 0.539119 0.546122 1.548065 -0.070247
191 373.876708984375 143.29188537597656 533.8425903320312 269.271728515625 14.621224 2.88869 -0.437545 5.096549 2.088284 2.057256 0.002225
193 704.5728149414062 183.88816833496094 759.3817749023438 235.67774963378906 25.16815 -4.192442 -1.061328 3.518135 1.520695 1.591192 -0.267635
194 611.30126953125 193.6435089111328 674.991943359375 234.9354705810547 29.150291 -1.310387 -1.391034 3.122836 1.929839 1.449547 -0.258709
195 538.3623657226562 202.5086212158203 607.52197265625 232.7689971923828 44.803043 2.331923 -2.303013 4.002766 1.767143 1.622503 2.268027
197 505.0700988769531 180.634765625 526.0305786132812 233.0529022216797 26.5529 3.506136 -0.983767 0.493985 0.579 1.871976 -2.195103
198 818.4551391601562 161.6962432861328 931.322265625 348.6340637207031 8.488494 -2.879626 -0.873323 1.373459 0.775065 1.945402 0.001822
199 542.994140625 194.0998992919922 609.5573120117188 227.9280548095703 36.610954 1.704033 -1.545971 3.967942 1.473183 1.481309 -0.510236
200 692.445068359375 189.5081787109375 709.544921875 222.94699096679688 35.813076 -4.402235 -1.372576 1.457657 0.434627 1.57613 0.1653
205 451.83905029296875 142.53207397460938 507.32037353515625 240.85214233398438 16.213993 2.934925 -0.27703 0.957751 0.833413 2.100784 -1.789085
206 672.091796875 170.9937744140625 736.9029541015625 204.28602600097656 35.740837 -4.521578 -0.436048 3.478578 1.924081 1.546422 0.281715
207 130.4774932861328 114.37267303466797 271.71649169921875 344.890869140625 7.319497 4.003282 -0.465652 0.852343 1.035495 2.068404 -1.471242
208 570.227294921875 183.39755249023438 606.4813842773438 202.81187438964844 63.914612 1.986011 -1.148012 3.358725 1.45187 1.612949 -2.458457
209 498.80908203125 167.47999572753906 524.0664672851562 219.34567260742188 24.335533 3.352225 -0.457604 0.68514 0.643213 1.696225 0.473481
210 782.80419921875 175.67691040039062 809.9735717773438 232.2763671875 23.270193 -5.864184 -0.86946 0.583389 0.603407 1.768442 -2.690264
213 569.8761596679688 193.15330505371094 619.7406616210938 234.3358154296875 29.578747 0.709345 -1.364677 3.675158 1.896554 1.459648 0.033113
217 429.86590576171875 180.3775634765625 586.1685180664062 242.45677185058594 18.266983 2.589434 -0.758238 3.482326 1.666274 1.399281 -1.92152
220 546.2896118164062 196.82852172851562 559.7726440429688 227.1695098876953 37.032703 2.966374 -1.637491 1.10908 0.475562 1.481863 -0.119711
221 527.175537109375 157.1151580810547 576.603271484375 183.17811584472656 44.077038 3.523174 0.580038 3.504908 1.931156 1.512002 -0.26082
222 669.5827026367188 180.46719360351562 738.1347045898438 225.41424560546875 33.63026 -4.174699 -1.092398 4.065563 2.433607 1.901652 0.055161
223 568.7001342773438 166.00851440429688 606.4798583984375 182.72752380371094 69.851852 2.216772 0.535902 3.835584 1.09415 1.57464 -2.2387
224 596.2794799804688 189.0216522216797 640.8489379882812 206.6639862060547 67.841568 -0.723063 -1.688295 3.89068 1.902289 1.51196 -2.310011
225 231.18099975585938 151.73158264160156 369.4627685546875 308.9310302734375 9.757164 4.075417 -0.616663 1.523017 0.955391 1.878105 2.918462
227 467.9461669921875 183.00173950195312 507.2900085449219 247.95602416992188 20.755495 3.523518 -0.996085 1.448535 0.788079 1.753724 3.07686
230 162.3878936767578 167.10430908203125 417.7938232421875 330.896240234375 10.201169 4.149336 -0.775883 3.647115 1.828074 1.83121 -3.165002
231 269.6268310546875 167.04725646972656 376.94158935546875 323.5931091308594 10.65473 4.112452 -0.851751 2.129949 0.811346 2.012331 3.203539
232 447.96539306640625 168.17481994628906 552.6210327148438 233.66009521484375 21.506672 3.158316 -0.566704 3.800143 2.386544 1.749722 3.107452
233 358.9986572265625 187.6923828125 507.966796875 273.0377197265625 16.179119 3.738662 -0.991153 4.610521 1.406064 1.497404 2.954619
234 592.6181030273438 193.945068359375 623.6793212890625 216.60768127441406 53.695957 0.237856 -1.880646 3.577574 1.515785 1.504845 0.234198
236 684.1387939453125 168.4889678955078 702.828125 197.75926208496094 41.790184 -4.739081 -0.268171 1.454527 0.478715 1.65261 0.337945
240 652.4254760742188 169.76551818847656 700.6066284179688 194.13059997558594 49.955555 -4.545304 -0.205827 3.207725 1.579845 1.620638 -0.812286
241 582.3379516601562 169.2860870361328 608.091064453125 188.56301879882812 68.117294 1.461087 0.0987 3.797957 1.476468 1.758037 -2.856414
242 666.892578125 164.34390258789062 708.196044921875 196.3674774169922 39.7789 -4.2374 -0.093274 3.798289 1.791329 1.661691 -3.373357
243 597.4686279296875 190.00120544433594 619.1626586914062 209.26449584960938 63.361126 0.236322 -1.724208 3.837044 1.35888 1.53531 -2.995723
244 616.5159301757812 195.07550048828125 672.9117431640625 218.50820922851562 42.922901 -1.972507 -1.637364 3.121519 1.216187 1.298122 -1.363875
245 479.79010009765625 164.47381591796875 521.4923706054688 234.3072509765625 21.789534 3.301204 -0.567265 1.872327 0.747164 1.98646 3.01566
247 689.3980712890625 192.46084594726562 725.5143432617188 228.8168182373047 32.299667 -4.254297 -1.444457 1.56467 0.49588 1.554754 -1.141369
248 179.22607421875 167.69668579101562 328.24688720703125 335.4692077636719 9.068596 4.342671 -0.81177 1.386023 1.060382 1.869777 3.053603
250 492.1416320800781 176.99127197265625 523.8071899414062 228.71078491210938 24.620054 3.498569 -0.770044 1.094575 0.645667 1.692449 -0.3099
251 679.8972778320312 172.74305725097656 693.21240234375 197.38787841796875 44.883293 -4.672042 -0.399071 1.235017 0.403144 1.50107 0.259581
252 567.2173461914062 192.95310974121094 638.37890625 227.11676025390625 37.626614 0.386817 -1.550484 3.814589 1.989389 1.546086 -0.536793
253 582.8060302734375 182.6236114501953 623.3690795898438 200.0079803466797 68.352081 0.711206 -1.074849 3.456646 1.698533 1.55577 -2.133865
254 531.0625 193.96820068359375 559.7398681640625 261.99688720703125 16.436514 1.512253 -1.10636 0.607498 0.591822 1.475387 3.149103
255 764.2743530273438 121.68656921386719 850.828857421875 157.39720153808594 35.060116 -9.433553 1.747645 3.626396 1.959767 1.532642 0.590283
256 501.3976135253906 158.34544372558594 577.400390625 208.90594482421875 21.881628 2.17978 -0.120646 3.152152 2.100271 1.396071 -3.037118
257 523.1136474609375 164.72537231445312 540.1748657226562 207.6441192626953 34.69495 3.794777 -0.303376 0.45382 0.741383 2.031705 -3.208444
260 363.9742736816406 128.25230407714844 581.7420043945312 259.5881652832031 15.037403 2.546074 -0.23933 5.346913 1.801736 2.172117 -0.374844
261 961.2576904296875 160.6483612060547 1044.509033203125 343.4013977050781 7.999875 -4.091739 -0.821237 0.852133 0.728244 1.815739 -0.435473
262 372.01019287109375 181.29156494140625 472.51641845703125 300.54473876953125 13.61844 3.492087 -1.067362 1.870155 0.918003 2.007255 2.812063
263 422.5283508300781 161.32144165039062 593.3589477539062 235.89747619628906 15.57613 2.126248 -0.401871 3.396386 1.776276 1.482986 -1.538038
264 660.512939453125 148.08004760742188 699.9022216796875 171.4427032470703 49.647449 -4.725941 1.26001 3.476032 1.905927 1.531394 0.14416
266 203.08277893066406 116.87674713134766 586.5591430664062 333.9354248046875 11.022611 2.669601 -0.484737 5.918813 2.137594 2.284637 -0.416948
267 385.775634765625 191.72593688964844 436.79998779296875 281.6562805175781 14.587427 3.977479 -1.085891 1.852656 0.664606 1.612986 3.236079
271 676.41748046875 170.29368591308594 726.0890502929688 199.09014892578125 41.002258 -5.043679 -0.33678 3.505139 1.447386 1.549565 -2.836547
273 581.3709716796875 188.48837280273438 622.8502807617188 206.7545928955078 64.376259 0.764143 -1.574409 3.317614 1.624667 1.517074 -2.091913
275 472.4334411621094 170.13436889648438 555.658203125 219.56602478027344 27.702286 3.822653 -0.499003 4.930561 2.163414 1.694238 0.339574
276 537.4064331054688 184.47650146484375 589.1735229492188 214.7085723876953 39.580235 2.666396 -1.042133 4.194406 1.600235 1.479782 0.376733
279 173.95101928710938 168.1082763671875 445.5308837890625 358.35382080078125 9.127666 3.354831 -0.786973 3.812873 2.394793 1.774118 -2.937799
280 557.6360473632812 172.4884033203125 601.436767578125 192.730224609375 65.906738 2.823663 -0.22366 3.766389 1.413877 1.799498 -2.034751
281 305.1817321777344 167.52859497070312 381.71405029296875 308.0142517089844 10.66495 3.897985 -0.819065 0.838014 0.603163 1.940486 -1.857099
283 682.672607421875 164.9307403564453 698.5595092773438 195.0431671142578 39.782829 -4.357008 -0.091808 0.617518 0.67317 1.631951 -2.841056
285 703.6723022460938 183.78111267089844 721.4336547851562 226.6154327392578 31.918758 -4.420388 -1.193072 0.796335 0.595083 1.839005 0.103427
286 565.4288330078125 174.20387268066406 590.41650390625 192.52188110351562 64.871811 2.947611 -0.28026 3.898556 1.512941 1.579286 -2.904235
288 584.5697631835938 194.5210418701172 605.748291015625 215.3965606689453 52.933178 1.170572 -1.828229 3.098385 1.307159 1.379859 0.09793
289 459.5471496582031 164.73538208007812 494.95452880859375 233.2285919189453 18.233629 3.363554 -0.485999 0.701393 0.576879 1.670157 -1.772813
290 98.1506576538086 194.4990997314453 426.82208251953125 343.8023681640625 9.767204 4.479395 -1.097743 3.557752 1.600614 1.72219 -1.623498
291 766.745849609375 179.15399169921875 794.8667602539062 232.11334228515625 23.290237 -5.3708 -0.917426 0.702381 0.582429 1.648997 -2.794672
292 471.0111083984375 165.4187774658203 511.711181640625 237.1957550048828 19.677639 3.233106 -0.567388 1.639153 0.816984 1.84705 -0.005456
293 464.8611755371094 169.85360717773438 567.3222045898438 239.00534057617188 16.380032 2.229503 -0.515082 2.910938 1.294658 1.390365 -2.639705
294 518.4072875976562 172.31979370117188 536.3037719726562 213.7017059326172 34.583168 3.988406 -0.620737 0.565558 0.749236 1.948845 -3.224345
295 711.435302734375 182.89810180664062 736.2525634765625 229.06561279296875 28.61388 -4.392157 -1.105527 0.93921 0.641245 1.762876 3.393778
296 567.9566650390625 176.9100341796875 605.23291015625 194.54446411132812 66.113304 2.168866 -0.521791 3.105346 1.735161 1.568457 -1.749041
297 428.7017517089844 173.2890167236328 527.4418334960938 242.36865234375 20.059704 3.564591 -0.702746 3.394409 2.208864 1.724138 0.039998
300 539.059326171875 141.89370727539062 579.2722778320312 160.69024658203125 62.692257 4.368404 2.462602 4.144168 2.31478 1.489705 2.900534
307 672.0040893554688 153.2908477783203 687.5003051757812 182.24253845214844 45.407681 -4.317319 0.668861 0.689723 0.677784 1.791661 0.627817
309 583.7625732421875 187.9107666015625 613.620361328125 207.49923706054688 62.896439 1.07612 -1.533444 4.019945 1.433926 1.552421 -2.817086
312 646.8518676757812 166.11891174316406 697.3220825195312 197.32723999023438 39.951328 -3.306086 -0.15622 3.556354 1.642022 1.632156 -2.877209
313 557.7579345703125 162.2727508544922 565.8316650390625 182.2567901611328 56.207993 3.778169 0.597832 0.542409 0.507768 1.539796 0.311881
314 567.1455688476562 187.41270446777344 578.5018310546875 209.37960815429688 56.809086 2.968403 -1.438732 1.491105 0.676502 1.665588 -0.09661
318 562.4131469726562 173.82308959960938 582.8390502929688 195.7607879638672 63.794174 3.369408 -0.389028 4.417854 1.707579 1.855902 -3.070491
319 639.830810546875 193.40834045410156 703.8617553710938 233.740478515625 29.409384 -2.477869 -1.387246 3.116205 1.942618 1.426673 -0.305414
321 579.05615234375 187.88050842285156 619.043701171875 206.35357666015625 64.082375 1.042046 -1.51802 3.390381 1.483598 1.521457 -2.269643
322 402.894287109375 189.6300048828125 468.5212097167969 285.8048095703125 14.59252 3.557611 -1.103489 1.889488 0.748807 1.72543 -2.611031
323 669.3153686523438 188.24110412597656 753.6590576171875 227.05804443359375 33.436283 -4.631813 -1.317435 3.797688 1.984627 1.584588 -0.767575
325 372.02947998046875 192.14035034179688 550.4902954101562 269.71234130859375 16.118244 3.357249 -1.057971 3.646931 1.653376 1.441139 -2.085993
328 345.62884521484375 202.68521118164062 437.46221923828125 282.1344909667969 15.498775 4.570067 -1.237217 3.092792 1.669515 1.347127 3.374789
330 478.3520202636719 160.64166259765625 503.4730529785156 219.82911682128906 19.504705 3.233132 -0.293084 0.463834 0.521824 1.553219 -0.232871
332 590.0220336914062 195.59765625 623.7529296875 221.496826171875 44.597572 0.296988 -1.763672 3.530481 1.385669 1.405009 0.20728
336 133.94061279296875 107.59061431884766 259.33599853515625 341.8822021484375 7.33413 4.059353 -0.420601 0.875414 0.94136 2.100558 -1.275356
338 572.9949951171875 167.12391662597656 604.1029663085938 186.3786163330078 66.985825 2.052535 0.297272 3.633441 1.661213 1.726759 -2.738191
341 701.989501953125 176.01881408691406 856.3322143554688 313.75836181640625 10.866714 -2.290054 -0.859115 3.553775 1.840766 1.637411 -0.176531
342 725.5692138671875 180.92982482910156 809.6103515625 233.5120391845703 22.935501 -4.90801 -0.910526 2.389205 1.901649 1.505881 -0.547539
343 568.0460815429688 193.31591796875 605.3379516601562 215.3252410888672 53.496681 1.747 -1.78751 3.679117 1.391697 1.451129 -0.380126
344 729.6522827148438 189.88243103027344 743.8120727539062 237.01138305664062 26.391796 -4.507119 -1.291854 1.35399 0.491449 1.624774 -0.168119
346 482.69989013671875 189.2897491455078 512.975341796875 254.40536499023438 18.659897 2.931174 -1.076309 0.718148 0.517546 1.597586 -2.576414
347 223.51441955566406 129.00682067871094 663.0119018554688 309.0206604003906 10.562151 2.249083 -0.507099 5.547125 1.908645 2.208235 -1.396143
348 205.21487426757812 150.19955444335938 354.3787536621094 289.8317565917969 9.189769 4.110789 -0.495815 1.542177 0.652486 1.658946 -1.564188
350 469.4922180175781 164.83419799804688 512.8028564453125 240.21878051757812 19.863785 3.286085 -0.619543 0.70545 0.973835 1.999007 -0.195802
353 684.7791748046875 186.96788024902344 739.89013671875 234.7207489013672 25.811974 -3.468871 -1.115159 4.098445 1.76248 1.46488 -0.100326
354 559.3776245117188 166.5152587890625 606.5048217773438 185.91973876953125 68.090538 2.580409 0.353584 4.209945 1.365947 1.790258 -1.851989
355 371.43804931640625 134.14273071289062 572.6474609375 268.51470947265625 14.296125 2.443865 -0.349201 4.910332 2.083254 2.120918 -0.213414
356 455.7730407714844 190.36322021484375 566.980712890625 249.47604370117188 20.129534 2.733953 -1.07026 2.922786 1.173599 1.435619 -0.776818
358 567.404541015625 193.2509765625 606.8889770507812 213.78700256347656 53.1236 1.773796 -1.718267 3.708176 1.391188 1.336561 0.489741
359 598.9976196289062 190.62693786621094 634.0775756835938 208.91976928710938 66.678703 -0.525458 -1.838976 2.950904 1.712189 1.557541 -2.436815
361 670.568603515625 150.37686157226562 681.6372680664062 176.9416046142578 45.399406 -4.095059 0.926446 0.6718 0.632618 1.64712 -0.18013
362 525.7732543945312 186.72576904296875 550.752197265625 233.41226196289062 24.383512 2.467058 -1.02204 0.729764 0.541753 1.511978 0.610986
368 308.6605529785156 172.7032928466797 362.84564208984375 298.19366455078125 10.568075 3.984415 -0.775564 0.679 0.586447 1.710312 -2.556657
369 729.187744140625 166.57554626464844 745.7606811523438 209.68846130371094 26.190371 -4.511673 -0.391633 0.528058 0.518601 1.53145 -0.038475
371 617.576904296875 196.7184295654297 655.579833984375 218.6988983154297 54.062984 -1.877905 -2.098513 3.385051 1.560498 1.457735 0.392512
372 674.230712890625 150.2199249267578 719.046142578125 177.32337951660156 47.952755 -5.72039 0.941202 3.647916 1.578635 1.71699 -0.544244
373 870.6703491210938 87.47538757324219 1132.5838623046875 227.73757934570312 10.534039 -5.074248 0.148261 4.575242 1.672898 1.533245 -0.11223
374 572.6082153320312 180.02035522460938 614.0831909179688 199.50881958007812 64.89695 1.558657 -0.873569 3.647919 1.274719 1.672269 -2.165589
375 660.8189697265625 181.92897033691406 734.15576171875 212.3076629638672 36.798897 -4.322543 -0.945442 3.481591 1.672689 1.478362 -1.550063
376 751.0687255859375 135.98785400390625 819.8792114257812 169.07833862304688 36.63377 -8.727629 1.193984 3.66691 1.921563 1.554784 0.228869
377 749.5026245117188 150.08143615722656 778.4508056640625 215.38671875 23.210022 -4.833927 -0.19034 0.825728 0.817021 2.028262 -1.876384
379 206.89585876464844 132.5609893798828 355.8700256347656 305.9532775878906 9.103325 4.014679 -0.453406 1.496631 1.054144 1.928042 3.050377
383 483.7083740234375 174.09291076660156 525.4725341796875 241.94265747070312 21.185482 3.113576 -0.812313 0.923715 0.896206 1.909461 2.862215
386 389.8545837402344 190.74147033691406 563.8058471679688 271.23699951171875 16.022999 2.999342 -1.069854 3.539863 1.590115 1.542605 -1.246254
387 686.84716796875 154.72537231445312 827.8695678710938 248.9387969970703 15.646451 -3.194765 -0.475246 4.019738 1.703175 1.723238 -0.540375
388 612.072265625 195.99073791503906 662.3652954101562 275.7315979003906 14.230697 -0.448447 -1.12166 0.832681 0.527863 1.456529 0.792418
391 558.1017456054688 163.67710876464844 598.9651489257812 180.3856658935547 68.849152 3.025382 0.752959 3.465765 1.758669 1.551242 -2.055062
392 637.7462768554688 192.80662536621094 676.2068481445312 272.3376159667969 14.106644 -0.832019 -1.063602 0.721164 0.523531 1.474148 -1.661905
394 199.88101196289062 129.67803955078125 631.8701782226562 315.33294677734375 10.140124 2.690712 -0.495355 5.494962 1.99227 2.07435 -1.882142
395 366.70159912109375 180.5111083984375 422.3729248046875 284.1786193847656 14.188215 4.191248 -0.967132 1.569178 0.865199 1.856329 3.324436
397 676.135986328125 149.0911102294922 690.936767578125 175.63470458984375 46.954704 -4.709858 1.032577 1.639665 0.668448 1.68626 0.078752
399 698.6641235351562 185.79574584960938 721.7238159179688 225.9626007080078 32.370445 -4.397085 -1.223932 1.852631 0.659922 1.695513 -0.338823
401 152.9593963623047 136.8905487060547 338.390869140625 340.58233642578125 8.630943 4.219879 -0.615454 1.595638 1.073483 2.087654 2.727087
402 607.3052368164062 194.70713806152344 650.4853515625 215.58737182617188 52.820068 -1.27253 -1.858792 3.590062 1.585686 1.344578 0.485471
403 534.1783447265625 195.6671905517578 591.699951171875 235.3369598388672 30.197878 2.092709 -1.444492 4.104194 1.695858 1.384616 0.238008
405 558.90966796875 194.26487731933594 632.624267578125 228.84268188476562 32.361179 0.755259 -1.402864 3.617602 1.512765 1.331226 0.611719
410 457.49859619140625 180.36041259765625 511.289306640625 249.366943359375 19.130754 3.331665 -0.898631 1.436346 0.696825 1.708874 -0.425337
412 353.9501647949219 134.66566467285156 625.4533081054688 256.0394287109375 13.640537 2.248301 -0.281399 4.667849 1.699835 2.010823 -1.820657
413 681.3363037109375 168.32034301757812 710.8802490234375 196.6057586669922 42.845367 -5.051191 -0.226833 2.859709 1.60255 1.607957 2.976976
414 540.1856689453125 210.9314727783203 566.2777709960938 286.1117858886719 15.096695 1.24747 -1.434369 0.774704 0.461002 1.45381 3.316163
415 575.7348022460938 173.37924194335938 614.2957763671875 191.0113525390625 68.236168 1.467729 -0.207337 3.515453 1.3206 1.620741 -2.16833
416 252.52914428710938 199.06182861328125 416.43609619140625 310.7471618652344 12.916961 4.671644 -1.173458 3.6201 2.086064 1.504964 3.332313
418 574.59619140625 200.73870849609375 631.7532958984375 246.52210998535156 26.294453 0.388701 -1.564707 3.689807 1.73021 1.379069 0.100121
422 617.497802734375 201.29568481445312 672.188720703125 231.26385498046875 42.906116 -2.032071 -2.168587 3.666695 2.128438 1.516653 -0.387335
424 453.78289794921875 143.11895751953125 491.317138671875 223.2410430908203 17.750963 3.385383 -0.099274 0.773908 0.547338 1.905704 -1.65574
425 522.87939453125 143.0278778076172 565.5193481445312 170.6141357421875 39.922504 3.615545 1.230982 3.00026 1.657862 1.444551 -0.153766
428 557.1177978515625 188.4392547607422 582.4920654296875 211.47479248046875 50.928551 2.90515 -1.392398 2.577548 1.702834 1.514572 0.084437
430 344.5221252441406 179.72462463378906 428.6539001464844 293.7198791503906 12.754906 3.894947 -0.945342 1.408199 0.931289 1.838081 3.060021
431 562.2645874023438 174.28981018066406 598.974609375 193.97190856933594 58.952133 2.407724 -0.324862 3.365208 1.629866 1.541852 2.709392
433 541.9287719726562 198.44149780273438 560.90869140625 231.87899780273438 36.914017 3.037595 -1.786438 1.445561 0.465217 1.607704 -0.292585
436 566.7815551757812 170.6219482421875 593.0084838867188 188.92514038085938 66.428261 2.826266 0.031666 3.177052 1.696994 1.633205 -2.860993
437 587.4933471679688 186.967041015625 625.1401977539062 205.48902893066406 65.432632 0.405531 -1.477825 3.364783 1.198036 1.575096 -2.221188
439 566.3987426757812 180.06224060058594 584.9664306640625 201.2141876220703 57.072643 2.756156 -0.84134 1.339527 0.580904 1.63876 -1.959473
441 768.1021118164062 125.62157440185547 1003.2214965820312 295.770263671875 10.590388 -3.976399 -0.415444 4.322989 2.553542 1.839612 -0.452173
442 447.08038330078125 142.0420684814453 535.657958984375 237.6885528564453 16.245567 2.684422 -0.23899 1.880241 0.892636 2.036257 -1.401155
444 727.9804077148438 142.653076171875 777.0152587890625 168.8820343017578 46.754284 -9.100283 1.394522 2.964073 2.258259 1.627449 -1.704118
445 484.2762451171875 192.88525390625 584.0427856445312 250.70367431640625 20.58095 2.289165 -1.133751 3.657882 1.457145 1.361111 -2.629016
448 685.67626953125 147.96823120117188 727.033203125 171.03579711914062 47.956451 -6.360379 1.212905 3.214166 1.609606 1.458113 -0.52262
449 571.4352416992188 180.44683837890625 578.448486328125 198.6017303466797 56.891014 2.804909 -0.754668 0.534441 0.47446 1.409885 0.19907
450 557.7319946289062 175.78924560546875 604.4517822265625 197.8120880126953 65.00547 2.669196 -0.590459 4.321888 1.326119 1.904502 -2.215755
451 670.5301513671875 215.1632537841797 705.590087890625 301.49615478515625 14.018109 -1.411103 -1.549837 0.646598 0.553086 1.566248 1.432638
452 464.2999267578125 218.99844360351562 521.3307495117188 319.7701721191406 9.995749 1.651825 -1.226804 0.650363 0.411805 1.261271 0.985389
454 529.6747436523438 195.25889587402344 579.894287109375 233.3849334716797 27.042841 2.131385 -1.264456 3.100791 1.749389 1.227182 0.08713
455 439.86639404296875 193.14144897460938 498.9658508300781 268.5601806640625 16.481695 3.236608 -1.135431 1.341051 0.591732 1.586249 -2.272264
456 1034.9776611328125 131.1626739501953 1182.2005615234375 361.87396240234375 6.271583 -4.053133 -0.606186 0.721346 0.850358 1.734856 2.283059
457 718.9297485351562 154.01742553710938 773.3482666015625 187.13829040527344 33.24641 -6.20323 0.305738 3.009866 1.482248 1.436598 -0.545114
459 215.9469451904297 119.14759063720703 362.4977111816406 292.72711181640625 9.337734 4.031302 -0.321286 1.61314 0.774811 2.02784 -1.249513
461 548.5691528320312 184.37855529785156 561.1625366210938 219.40725708007812 37.82402 2.937713 -1.148092 0.815662 0.555522 1.785295 0.201003
464 279.4117126464844 178.3654022216797 456.66876220703125 321.5867919921875 10.249256 3.159667 -0.794806 3.904419 1.689379 1.536992 -2.987143
465 230.027587890625 156.3693389892578 395.1375732421875 297.6277160644531 9.907325 4.0063 -0.612562 1.894631 0.787124 1.783038 -1.699393
467 680.7066040039062 144.09042358398438 741.4342041015625 170.0784454345703 47.409714 -6.582563 1.349774 3.770186 1.686723 1.621165 -0.976241
468 571.0746459960938 179.258544921875 581.8765869140625 198.43704223632812 57.059799 2.694457 -0.700274 1.154301 0.502101 1.481058 3.517352
470 385.465576171875 195.56312561035156 453.71881103515625 291.1235656738281 14.304516 3.785661 -1.206734 1.413268 0.636321 1.715213 -2.333628
471 572.2583618164062 144.48680114746094 591.3436279296875 162.09120178222656 69.0569 2.729714 2.515772 4.052219 1.525859 1.564794 -3.029857
472 221.4994354248047 153.0548095703125 383.6089172363281 295.337890625 9.617393 4.001144 -0.567066 1.764075 0.782927 1.759383 -1.551933
476 222.04832458496094 166.7880096435547 538.3786010742188 303.6390075683594 9.494285 2.984825 -0.613517 3.620554 1.672232 1.468822 -1.962326
477 29.484655380249023 170.05276489257812 218.29457092285156 373.64508056640625 6.800044 4.391716 -0.778189 1.339143 0.557232 1.687759 1.995299
478 391.351806640625 175.34169006347656 540.5179443359375 251.78163146972656 17.018763 3.325801 -0.714615 3.198786 1.494704 1.577981 -0.656079
480 557.4639892578125 193.85321044921875 616.7846069335938 215.94583129882812 53.531414 1.748728 -1.833926 3.944117 1.896001 1.470855 -1.06105
481 527.3724365234375 184.59974670410156 565.7109985351562 216.83670043945312 36.374928 3.205783 -1.027101 2.392666 1.78318 1.517479 0.033014
482 509.01971435546875 179.73587036132812 524.2850952148438 234.365234375 25.295256 3.299506 -0.942547 0.916751 0.504239 1.847284 0.105659
483 789.7499389648438 163.6258087158203 830.9745483398438 239.74179077148438 15.813832 -4.240493 -0.560401 0.508813 0.686651 1.599648 0.374255
485 536.2380981445312 185.45596313476562 553.3739624023438 222.20484924316406 34.985851 3.204503 -1.153792 0.673157 0.637344 1.729342 3.559936
486 429.8002014160156 192.4561309814453 595.5858154296875 262.6892395019531 17.262766 2.379254 -1.085903 3.685118 1.435912 1.431892 -2.022935
487 387.1055908203125 191.1871337890625 444.9976501464844 273.8746643066406 14.633133 3.943981 -1.02577 1.495882 0.476712 1.525633 -2.401525
488 366.15948486328125 184.56776428222656 527.7828979492188 268.4215393066406 17.816284 3.870892 -1.029483 3.667303 2.367785 1.726344 -0.275103
489 550.5260620117188 195.6819305419922 598.2218627929688 228.41160583496094 32.175949 1.690438 -1.412339 3.293582 1.538327 1.252939 0.229334
491 521.2537231445312 149.7448272705078 569.0335693359375 178.3026885986328 38.260891 3.496927 0.805188 3.150951 1.647296 1.433471 0.389313
492 563.4093627929688 148.9437255859375 595.0991821289062 163.0417022705078 70.117493 2.978077 2.314919 2.98395 1.394561 1.330934 -1.591547
493 371.22918701171875 134.38864135742188 441.7238464355469 258.7298583984375 12.686605 3.594918 -0.280009 1.728005 0.874651 1.970186 0.452021