4 366.4286804199219 181.24241638183594 405.0072937011719 204.35006713867188 51.642952 15.966527 -0.754002 3.946531 1.631702 1.534194 -3.109952
5 283.0517578125 184.18568420410156 344.0955810546875 214.60626220703125 38.589485 15.720655 -0.874657 3.717761 1.581915 1.475562 3.097139
6 985.9346313476562 137.47015380859375 1006.70751953125 174.35479736328125 36.253319 -19.212765 0.937102 0.708986 0.67205 1.820274 -0.043875
7 316.5567321777344 185.44082641601562 358.4256896972656 212.4767303466797 38.821415 14.573826 -0.882757 2.748974 1.379433 1.34079 -3.064004
12 363.28240966796875 182.5640869140625 398.5899963378906 206.4065399169922 51.628017 16.305086 -0.867582 4.045813 1.644766 1.570341 -3.028999
16 311.0218811035156 185.04954528808594 384.4118957519531 213.8739013671875 38.973488 14.038263 -0.902719 4.047768 1.558323 1.385739 2.835975
18 1120.2239990234375 123.54276275634766 1151.63232421875 205.29989624023438 16.390959 -11.682767 0.156457 0.60698 0.546579 1.779119 2.478022
19 250.19407653808594 171.62193298339844 327.0299072265625 203.16822814941406 37.315006 16.463678 -0.216479 3.78105 1.668956 1.530394 2.916921
20 286.4119567871094 184.8514404296875 342.82427978515625 214.189453125 38.446407 15.618148 -0.882337 3.460797 1.360334 1.42021 3.067174
24 982.4859619140625 138.0249481201172 1002.6394653320312 174.42605590820312 36.368603 -19.086401 0.926405 0.71225 0.671361 1.801252 -0.101216
26 278.1097717285156 183.8459930419922 333.59564208984375 216.04629516601562 38.364182 16.036165 -0.889686 3.860485 1.623116 1.54903 3.237775
27 322.41259765625 192.83355712890625 395.82586669921875 222.69284057617188 38.888947 13.410699 -1.352772 3.614903 2.060971 1.403122 2.89315
29 1105.4371337890625 149.7591552734375 1151.209716796875 222.30653381347656 17.706629 -12.433062 -0.330329 0.848252 0.65326 1.701291 2.855648
31 243.65232849121094 194.64950561523438 296.5076599121094 224.16287231445312 41.118061 19.231852 -1.471948 3.212237 2.283361 1.480096 3.442533
36 725.2462768554688 171.63941955566406 769.8466186523438 198.6869659423828 46.412994 -8.769367 -0.436801 3.426025 1.733112 1.657215 -3.679598
38 1166.6962890625 158.0980682373047 1203.53759765625 236.6576385498047 17.38629 -13.546093 -0.601089 0.767978 0.592184 1.808864 2.59193
41 692.9492797851562 173.7689666748047 719.9531860351562 188.436279296875 69.051697 -9.125454 -0.222146 2.639908 2.146771 1.366917 3.17286
42 239.87037658691406 187.02987670898438 311.166259765625 218.01913452148438 37.936722 17.432281 -1.003824 3.505679 1.971763 1.468846 3.091571
44 382.6412353515625 183.56640625 432.8227233886719 207.29734802246094 50.471088 14.067376 -0.934933 3.879258 1.697344 1.520057 2.909869
45 1058.5855712890625 163.58155822753906 1091.05126953125 215.4409637451172 28.606903 -18.161886 -0.607708 0.904041 0.937826 1.991779 -0.411606
47 81.6175537109375 190.44515991210938 144.4162139892578 218.9025115966797 44.985584 30.768702 -1.214055 3.616137 1.615391 1.598048 3.221858
49 1149.6199951171875 131.48802185058594 1198.510498046875 212.50390625 17.525057 -13.400747 -0.013383 0.805188 0.582269 1.887356 3.035084
50 354.4891662597656 177.82086181640625 426.65283203125 204.3455810546875 50.95068 15.393847 -0.613505 4.557351 2.205318 1.734939 2.608189
52 90.02264404296875 165.93019104003906 156.9636993408203 191.4130096435547 46.69421 31.269066 0.384321 3.582457 1.610044 1.573058 3.014991
56 1072.8411865234375 151.20948791503906 1095.2386474609375 198.83493041992188 28.586088 -18.534674 -0.055746 0.593299 0.661098 1.838755 -2.393583
58 216.4612274169922 187.9714813232422 297.96636962890625 217.69989013671875 37.458206 18.186073 -0.997189 3.146996 2.088758 1.375292 2.658852
62 499.53857421875 182.4210662841797 534.16357421875 204.26210021972656 51.99921 6.682573 -0.897359 4.203694 1.922252 1.445589 -3.146398
65 995.8439331054688 168.43084716796875 1063.34326171875 193.83380126953125 43.329288 -24.888443 -0.357491 3.706996 1.910168 1.449527 -3.157485
67 457.6276550292969 182.9080810546875 487.5690002441406 201.24191284179688 58.05975 11.030942 -0.873607 2.553588 1.741944 1.396367 3.061569
69 232.94200134277344 158.21347045898438 298.599853515625 185.2191925048828 50.022976 23.775412 0.775262 4.189699 1.577745 1.808305 1.23477
70 444.8514404296875 185.7189483642578 481.8573913574219 205.35440063476562 56.185165 11.374857 -1.100645 3.451843 2.016104 1.409429 -3.192397
73 575.8070068359375 185.73831176757812 611.76904296875 221.0265655517578 32.408466 0.835511 -1.037157 3.950513 1.467936 1.400383 -3.086008
75 534.7588500976562 181.84329223632812 554.340576171875 199.96633911132812 56.412327 5.140479 -0.815628 3.000039 1.476568 1.331647 -3.054222
76 1042.1026611328125 165.9876251220703 1060.096923828125 208.46124267578125 29.470495 -17.772112 -0.528493 0.598434 0.523941 1.695681 -0.372977
83 59.53812789916992 177.2902374267578 138.80029296875 201.9051971435547 46.956894 33.006184 -0.282447 3.923779 1.89571 1.49378 2.918191
86 67.77880096435547 192.6745147705078 155.07542419433594 222.7583465576172 37.79174 25.902317 -1.179233 3.383994 1.660861 1.382084 2.76924
87 68.1426773071289 174.3199920654297 137.22494506835938 196.6776885986328 50.289104 35.145794 -0.023676 3.685271 1.501418 1.479903 -3.537288
93 84.31575775146484 142.42910766601562 152.03030395507812 168.64715576171875 45.82225 30.986536 1.784813 4.222684 1.810145 1.549588 3.266788
95 733.0496826171875 162.53411865234375 774.7074584960938 185.1042938232422 48.781811 -9.579318 0.271188 3.418439 1.831245 1.461143 -3.044081
100 24.386754989624023 151.90133666992188 86.09947967529297 176.78863525390625 45.526539 34.771988 1.283794 2.902486 1.853769 1.507568 -3.018523
106 671.648681640625 180.2602081298828 708.2703857421875 206.8279266357422 40.490536 -4.432911 -0.816282 3.604196 1.263769 1.370682 -0.333425
108 1066.228759765625 156.79165649414062 1100.07958984375 210.37167358398438 28.462229 -18.402939 -0.383604 0.717634 0.845205 2.055861 -1.368228
115 30.331205368041992 145.3871612548828 95.3512191772461 170.2398223876953 45.361332 34.158924 1.671067 3.362296 1.567347 1.482633 -3.118711
116 264.92626953125 178.26731872558594 279.4404602050781 202.4780731201172 48.286186 22.531801 -0.487654 1.088964 0.590239 1.581344 -2.416852
117 1078.4881591796875 130.19093322753906 1163.7117919921875 162.6035919189453 42.34634 -29.665653 1.550243 3.909265 1.784834 1.737056 -2.953881
118 656.8096923828125 179.3493194580078 729.3604736328125 207.88397216796875 37.916458 -4.316377 -0.765894 3.955783 1.819866 1.368106 2.41613
123 1061.0421142578125 127.27322387695312 1157.87451171875 157.62899780273438 43.171898 -29.551003 1.821733 4.345376 2.110793 1.603497 -2.830607
125 1030.76171875 126.49749755859375 1092.79052734375 159.03573608398438 36.325191 -22.457317 1.527805 3.502163 1.722825 1.465827 2.862748
126 546.7413330078125 183.78738403320312 579.0890502929688 201.5481414794922 59.446594 3.882033 -1.013771 3.510254 1.614239 1.351554 2.882621
127 431.6976013183594 185.0343017578125 463.51434326171875 202.29296875 61.620399 13.816525 -1.030214 3.876796 1.652509 1.352771 3.088748
128 176.04298400878906 135.856201171875 229.99642944335938 156.26400756835938 52.72057 29.546131 2.70937 3.814018 1.615501 1.339251 3.084685
133 1032.828125 126.49601745605469 1105.13525390625 159.5821075439453 36.646011 -23.118231 1.529602 3.746137 1.566277 1.532905 2.111425
135 1041.363525390625 162.09426879882812 1066.93896484375 212.17774963378906 29.655922 -18.003601 -0.527417 0.821268 0.630573 2.006254 -0.179931
137 732.501953125 170.87451171875 789.4036254882812 197.66319274902344 45.084751 -9.321356 -0.389359 3.204646 1.604046 1.612373 1.166106
138 61.12274169921875 163.45729064941406 130.8934783935547 191.96119689941406 45.43182 32.100426 0.451305 4.610102 1.627066 1.689193 3.284509
140 737.670654296875 167.34707641601562 771.66357421875 194.08712768554688 45.606098 -9.065308 -0.16785 3.341712 1.668941 1.610954 2.811467
141 465.720947265625 196.12010192871094 557.9345703125 235.3729248046875 30.845518 4.191248 -1.497548 3.590328 1.583273 1.544322 1.457891
144 938.7506713867188 132.59999084472656 972.404541015625 184.1053009033203 28.930479 -13.664311 0.650496 0.979022 0.703386 2.015291 -1.424878
145 144.17857360839844 170.50180053710938 168.81051635742188 206.3312225341797 35.102596 21.93252 -0.212686 1.311671 0.505548 1.695146 3.271912
146 698.5890502929688 174.56829833984375 733.3893432617188 193.49234008789062 58.643158 -8.502061 -0.436389 2.494493 1.791404 1.484474 3.507576
150 357.9056396484375 178.2099609375 406.7344055175781 202.58802795410156 50.518509 15.861038 -0.570006 3.32335 1.629917 1.608125 2.835289
151 208.01504516601562 174.15338134765625 288.6398620605469 200.89537048339844 49.270813 24.539083 -0.252714 4.530454 1.886896 1.718783 2.502317
153 920.662841796875 178.3532257080078 949.1580200195312 229.64573669433594 23.273666 -10.274894 -0.920343 0.600395 0.600599 1.604517 0.134125
154 632.216064453125 183.06468200683594 664.8386840820312 212.433837890625 38.211205 -1.913727 -0.960664 4.241772 1.601288 1.395625 3.113858
155 766.1555786132812 162.60733032226562 798.3695068359375 188.55364990234375 45.364815 -10.747221 0.122816 3.683558 1.592066 1.549172 2.805061
156 54.0594367980957 209.09425354003906 128.53561401367188 240.5715789794922 42.318108 30.189945 -2.301665 3.574013 1.761131 1.574989 3.137901
157 701.5107421875 173.91700744628906 732.1306762695312 196.4425048828125 53.476883 -7.777583 -0.47403 4.190382 1.579435 1.588498 3.155491
158 129.56163024902344 166.65330505371094 196.42930603027344 193.95156860351562 47.580616 29.293274 0.263179 3.487386 1.54775 1.717513 2.75765
162 99.94554901123047 190.58084106445312 162.80638122558594 221.17210388183594 43.258331 28.478125 -1.245014 3.897279 1.648461 1.633703 3.297864
163 1042.466552734375 137.8689727783203 1103.666259765625 164.9851837158203 43.886772 -27.878502 1.350277 3.474809 1.743487 1.530939 3.033835
164 58.41814422607422 174.48681640625 111.88996124267578 198.33749389648438 49.727699 35.934273 -0.066303 4.367518 1.640336 1.54703 -2.842346
165 1064.01904296875 150.3141632080078 1095.4200439453125 197.63368225097656 28.628897 -18.391199 -0.013269 0.843875 0.70881 1.825455 -1.094946
169 545.2025756835938 180.6077880859375 571.8711547851562 200.1999969482422 57.700069 4.117046 -0.799355 3.627968 1.512675 1.467298 3.038585
172 43.76823806762695 207.2687530517578 133.42547607421875 236.55270385742188 42.618412 30.607424 -2.166164 4.103777 1.633798 1.601281 1.552508
175 719.1190795898438 171.81301879882812 754.99951171875 197.0863037109375 47.420963 -8.205282 -0.395953 3.360773 1.597708 1.590724 -3.091218
178 997.47265625 168.03297424316406 1073.35595703125 197.26744079589844 35.85281 -20.873915 -0.392989 2.849561 1.516443 1.409048 1.591717
180 732.0587768554688 173.84852600097656 758.2152709960938 196.70501708984375 49.559662 -9.196085 -0.477655 2.841572 1.600739 1.506685 2.900541
181 196.36093139648438 188.0753936767578 274.69207763671875 224.32186889648438 33.291023 17.062897 -1.011451 4.645673 1.672468 1.435217 3.265444
184 219.4904022216797 173.60374450683594 270.13946533203125 195.6865692138672 49.501869 24.896532 -0.06942 3.82195 1.438127 1.443358 3.113696
187 11.424763679504395 147.70315551757812 81.90184783935547 172.9466094970703 46.219505 35.826149 1.552503 3.498957 2.026237 1.542807 -3.020341
188 499.2475280761719 181.0615692138672 548.4590454101562 217.3706512451172 33.644081 4.122095 -0.83235 5.012723 1.624235 1.486333 0.247944
189 1041.26318359375 164.4962158203125 1066.51318359375 210.16004943847656 29.237026 -17.737925 -0.529562 0.732141 0.607579 1.806777 -0.109537
190 328.10028076171875 184.15077209472656 353.90191650390625 203.00111389160156 60.367638 22.420286 -0.9086 3.469703 1.471704 1.463624 0.1939
191 320.2658386230469 184.42300415039062 382.2796325683594 209.75491333007812 43.930786 15.629773 -0.877802 4.212249 1.371881 1.383583 2.877628
193 18.287097930908203 152.18136596679688 75.27405548095703 179.48037719726562 45.568893 35.331993 1.198199 3.174138 1.842258 1.646164 -2.830173
196 675.8826293945312 178.42396545410156 702.365234375 200.60208129882812 47.16629 -5.051441 -0.690078 3.582696 1.378528 1.357662 -0.015412
197 693.8878173828125 178.638427734375 723.790283203125 194.0113983154297 66.908417 -9.058649 -0.700752 2.306908 2.033525 1.368561 -2.904855
204 534.595703125 184.5509033203125 585.9306030273438 217.54925537109375 33.37738 2.283288 -0.952124 3.625305 1.849871 1.366473 3.066543
205 346.6371765136719 183.72280883789062 479.95013427734375 227.6523895263672 28.956861 7.794106 -0.927171 4.869351 1.658429 1.54392 2.278421
208 1050.020263671875 134.0120391845703 1150.5555419921875 171.28077697753906 31.467365 -21.071817 0.876119 3.16807 1.715843 1.548575 1.398602
209 860.8055419921875 178.7859649658203 929.861083984375 212.22044372558594 33.016029 -12.819844 -0.864694 2.816668 1.619684 1.440624 1.255828
211 473.03265380859375 187.1510009765625 504.8642578125 209.1871337890625 50.807327 8.49984 -1.200006 3.37607 1.418154 1.420643 3.061099
212 353.79803466796875 189.85833740234375 418.86273193359375 214.26161193847656 44.040836 13.613463 -1.223501 3.557732 1.384456 1.39205 1.339523
213 325.42791748046875 193.37612915039062 369.4094543457031 216.271728515625 50.628578 18.330826 -1.555598 3.353733 1.897735 1.447046 3.159484
214 785.8179931640625 159.55384826660156 850.4633178710938 186.24290466308594 44.264057 -12.636873 0.251539 3.517828 1.698569 1.571757 1.988645
218 143.6637420654297 173.49961853027344 167.8585662841797 215.11712646484375 35.087402 21.967983 -0.497893 0.682711 0.720108 1.980233 -1.916483
221 871.4981689453125 181.7561798095703 907.814208984375 266.2441101074219 12.94149 -4.834218 -0.869507 0.573786 0.422045 1.437539 -1.989674
222 512.5015258789062 183.39537048339844 545.6470336914062 204.17771911621094 51.67543 5.783367 -0.940012 3.340038 1.855433 1.380891 3.09865
228 940.6539916992188 136.0016326904297 965.025390625 183.92483520507812 29.150276 -13.668177 0.592121 0.825174 0.688482 1.884003 -2.099792
229 122.78734588623047 206.04002380371094 216.71095275878906 256.2221984863281 27.940613 16.799389 -1.761485 4.122865 1.822377 1.56587 -2.927947
230 425.5460205078125 190.49281311035156 493.5852355957031 230.77084350585938 28.401047 5.845684 -1.138527 3.546491 1.893437 1.382803 -3.147928
231 937.5848999023438 134.76089477539062 960.6348876953125 181.77549743652344 29.198462 -13.541986 0.662138 0.680122 0.677686 1.853229 -2.280005
233 679.1231689453125 186.27308654785156 754.159423828125 225.72401428222656 30.177559 -4.277108 -1.12523 3.476501 1.694934 1.457908 -2.823844
234 145.74591064453125 188.55593872070312 243.56326293945312 228.94761657714844 29.199741 16.585241 -0.980515 3.706807 1.719801 1.431861 -0.02548
235 147.725830078125 173.18771362304688 166.63327026367188 210.64129638671875 35.148182 21.936008 -0.387771 0.645313 0.548237 1.791146 3.25255
236 751.0376586914062 168.77496337890625 803.0516967773438 196.74383544921875 45.001328 -10.241142 -0.299667 3.650103 1.665177 1.656802 0.242769
237 840.8472900390625 191.35879516601562 866.3533935546875 237.30294799804688 25.325575 -8.37689 -1.324292 0.632537 0.558834 1.545389 0.639417
239 213.9937286376953 193.1311492919922 309.10540771484375 236.2362823486328 26.375137 12.546776 -1.124916 3.571753 1.796924 1.348248 -3.112115
240 91.12752532958984 163.55545043945312 156.81927490234375 186.73374938964844 44.995712 30.106638 0.576927 3.199524 1.580779 1.381402 2.950397
241 1144.0087890625 162.72682189941406 1194.4014892578125 241.61770629882812 15.974826 -12.079685 -0.661375 0.718201 0.501084 1.683665 1.672688
242 711.5828247070312 173.54335021972656 745.8239135742188 197.0121307373047 51.335964 -8.301911 -0.475873 3.413482 2.161519 1.598303 -3.23674
243 478.8340148925781 183.73684692382812 565.615234375 216.2265625 33.620899 4.069956 -0.90992 3.694592 1.879019 1.421073 1.50409
245 664.103759765625 178.17845153808594 689.6015625 201.1602783203125 49.20153 -4.474724 -0.717366 3.707067 1.656018 1.468261 3.048345
247 64.8202896118164 192.7156524658203 152.5091552734375 222.81619262695312 42.217884 29.097906 -1.310031 4.001941 1.64031 1.540232 2.821324
248 173.3386993408203 196.3099822998047 219.63140869140625 218.66236877441406 49.873848 28.422384 -1.605376 3.24081 1.930605 1.362967 3.377859
250 245.99070739746094 205.0092010498047 344.877197265625 260.546630859375 24.85161 10.649342 -1.667944 3.789349 1.825697 1.569956 -3.1055
252 454.121337890625 190.56910705566406 521.6371459960938 232.1450653076172 27.562431 4.718814 -1.146912 2.759771 1.542045 1.403034 -2.563545
254 412.01129150390625 187.81044006347656 465.82611083984375 219.3869171142578 35.810543 8.413352 -1.08211 3.954393 1.713534 1.385902 3.141481
256 406.2456359863281 172.84213256835938 434.62738037109375 188.0801239013672 68.398567 17.961842 0.133389 3.820709 1.692348 1.394651 -2.63314
259 614.3729248046875 182.9559326171875 665.541259765625 212.509033203125 38.978115 -1.590244 -0.97854 3.57336 1.539956 1.450358 2.724765
260 720.4149780273438 169.397705078125 759.1724853515625 194.35926818847656 48.787483 -8.635921 -0.242917 3.000553 1.71521 1.622388 3.279465
265 1201.58447265625 185.03152465820312 1238.74560546875 269.46923828125 14.94264 -12.312555 -1.131596 0.534702 0.512041 1.658337 0.784293
266 894.272705078125 154.3893585205078 988.2503051757812 192.48460388183594 32.069324 -14.469352 0.082521 3.504117 1.500126 1.621958 1.381991
268 1060.0567626953125 160.00628662109375 1085.7554931640625 206.16893005371094 28.867975 -18.273846 -0.364531 0.757434 0.678769 1.796082 -0.841365
270 372.2012634277344 190.21713256835938 432.7829895019531 219.91506958007812 36.775642 10.489037 -1.170371 3.53524 1.677529 1.335475 3.01234
271 414.5313415527344 189.82809448242188 460.8963317871094 220.05923461914062 37.819832 8.966841 -1.214966 3.725174 1.510416 1.406354 3.13749
273 458.86834716796875 188.10887145996094 504.97454833984375 223.485595703125 33.03355 5.812817 -1.11286 3.975941 1.725111 1.417475 -3.05249
274 510.7347717285156 184.96351623535156 576.2838745117188 213.34707641601562 37.677059 3.53922 -0.983826 3.282003 1.859521 1.385978 -1.42274
275 108.92816925048828 172.97679138183594 164.1402587890625 199.795166015625 46.221699 30.140753 -0.106415 2.999418 1.65657 1.64972 3.195098
277 374.7265930175781 190.2869873046875 450.4472961425781 231.48251342773438 28.168728 7.610857 -1.117337 3.479357 1.591413 1.398655 3.007499
278 830.91015625 159.06692504882812 900.3427124023438 191.57144165039062 35.389256 -12.295715 0.052013 3.909239 1.627675 1.489821 -3.026309
279 1080.7470703125 118.79055786132812 1138.033447265625 146.1147003173828 44.427433 -30.463276 2.500921 3.976554 1.528844 1.436297 2.91188
280 1037.5155029296875 125.4052963256836 1117.3052978515625 157.3640899658203 36.397156 -23.272326 1.594642 3.602481 1.504289 1.439384 0.061885
281 1077.59521484375 139.52279663085938 1157.87158203125 172.6539764404297 32.367214 -22.467487 0.743401 2.599337 1.638391 1.416254 1.202117
282 1012.5548706054688 156.36236572265625 1096.375 183.21575927734375 43.173473 -26.256472 0.271286 4.36808 1.84529 1.510651 3.296427
283 342.14422607421875 189.60011291503906 378.12725830078125 210.10147094726562 51.475857 17.751455 -1.245019 2.57835 1.877328 1.351021 -3.037197
286 445.5476379394531 185.302490234375 490.7795715332031 205.66268920898438 52.256123 10.23013 -1.023595 3.454065 1.749642 1.346447 2.832661
287 411.7415466308594 185.95484924316406 470.1269226074219 211.34007263183594 44.150681 10.282264 -1.03775 3.605106 1.781812 1.400231 2.796166
288 327.97222900390625 182.66586303710938 366.5817565917969 202.1399688720703 60.257587 21.854874 -0.815985 3.16534 1.418856 1.525436 -0.283979
289 485.71624755859375 184.53770446777344 515.0562744140625 204.91683959960938 51.381256 7.787998 -0.982638 3.020915 1.766139 1.348757 3.193455
292 478.1039123535156 184.35057067871094 534.7946166992188 216.39344787597656 34.560513 4.918211 -0.92741 3.52862 1.76387 1.379439 3.005196
293 665.735595703125 179.73814392089844 705.0767822265625 205.68228149414062 41.656147 -4.302564 -0.789289 3.499281 1.546604 1.38263 -0.315051
295 369.7529296875 183.06507873535156 431.1069641113281 214.08901977539062 39.126247 11.257548 -0.887556 4.061234 2.042952 1.523347 3.117607
297 224.3614501953125 186.5753936767578 279.5968933105469 210.23480224609375 51.099606 25.22584 -1.045422 3.044848 1.946255 1.543573 2.867304
300 837.6986694335938 139.84957885742188 854.2492065429688 179.71426391601562 32.427967 -10.463683 0.730695 0.532864 0.536707 1.760293 -1.483868
301 1143.4188232421875 164.69557189941406 1177.9595947265625 223.39599609375 20.55677 -15.393981 -0.608236 0.575432 0.57146 1.621629 2.962886
302 485.8313903808594 192.2988739013672 533.0980834960938 230.67271423339844 30.404305 4.313929 -1.27513 3.403953 1.845838 1.405064 0.169482
304 744.58447265625 170.89727783203125 784.803955078125 194.6922607421875 44.711586 -9.430465 -0.298074 3.031706 1.723247 1.414012 3.180319
306 451.94189453125 190.76039123535156 529.3671875 231.36611938476562 31.511488 5.125524 -1.27843 4.435073 1.893392 1.507311 -0.18833
307 22.87028694152832 198.40928649902344 147.39369201660156 253.791015625 19.732487 14.077521 -1.093935 3.021294 1.433505 1.257982 -3.017068
308 31.569746017456055 138.54563903808594 101.31619262695312 163.42385864257812 44.333672 33.155262 2.04628 3.302876 1.786421 1.419325 -3.135555
310 1147.201416015625 153.01910400390625 1234.7564697265625 194.2762451171875 28.17156 -22.420757 -0.046237 3.740967 1.556063 1.498812 2.149488
311 24.819169998168945 193.1402587890625 105.8774642944336 224.51760864257812 35.731518 26.735123 -1.150376 3.176633 1.393827 1.376754 3.042441
312 1091.2596435546875 152.3732452392578 1172.1220703125 231.59812927246094 16.277124 -11.46958 -0.430773 1.321239 0.603622 1.676 0.480801
316 1015.34130859375 132.7790985107422 1107.2396240234375 166.13853454589844 36.706318 -22.644575 1.203114 3.835911 1.616856 1.550474 0.278844
317 728.7153930664062 181.6396026611328 785.4550170898438 217.9790802001953 30.596642 -6.043425 -0.904358 3.643647 1.432794 1.387096 3.204193
318 205.06930541992188 191.05101013183594 279.59619140625 220.49737548828125 37.189785 18.78606 -1.132904 3.545277 1.523533 1.333547 2.941876
321 871.1188354492188 152.30772399902344 966.4506225585938 189.2879180908203 32.835392 -13.793888 0.211606 3.613349 1.945752 1.602581 1.388125
322 26.73905372619629 147.43038940429688 100.27914428710938 173.7445526123047 44.740356 33.694416 1.47479 3.562124 1.691543 1.557454 2.243902
324 1018.0919799804688 137.6973114013672 1118.9482421875 172.01748657226562 34.543331 -21.630802 0.877895 3.73335 1.771317 1.557732 1.237403
325 849.3532104492188 186.2462921142578 868.0418090820312 233.23251342773438 25.263384 -8.537571 -1.165033 0.597835 0.524102 1.586354 -0.489788
326 263.4327087402344 187.05856323242188 306.5564880371094 209.78684997558594 50.26609 22.534208 -1.059578 2.73836 1.480964 1.470536 2.994686
328 172.53863525390625 187.97378540039062 267.81939697265625 229.5032501220703 29.317114 15.612914 -0.986882 4.176936 1.526397 1.461815 -0.01584
329 441.44384765625 185.9501190185547 494.1541748046875 219.3326873779297 34.775455 6.787207 -1.015053 4.12679 1.54164 1.422428 3.097373
330 363.01116943359375 176.99594116210938 373.1685791015625 195.71835327148438 58.746883 19.653204 -0.339393 1.108321 0.581381 1.493573 -2.628421
331 1147.7545166015625 172.1241455078125 1184.38671875 230.7349395751953 20.708908 -15.660209 -0.820339 0.555945 0.604181 1.633255 3.254116
332 42.26182556152344 160.69102478027344 107.8832778930664 186.59556579589844 43.684433 32.177074 0.675722 2.668675 1.817461 1.506404 2.992992
334 210.04124450683594 193.22998046875 284.7086181640625 236.17837524414062 27.179052 13.483072 -1.150823 3.658713 1.465066 1.377258 3.304881
335 1088.1246337890625 134.4160919189453 1172.1634521484375 168.1445770263672 35.007877 -24.897364 1.025921 3.441214 1.514132 1.519808 0.021039
336 409.0155029296875 189.4853973388672 472.1242370605469 223.10394287109375 33.652493 7.826286 -1.141696 3.672949 1.573897 1.374865 -3.297552
337 692.70703125 178.0454559326172 746.6245727539062 203.0388641357422 39.704899 -5.886792 -0.657705 3.296699 1.346179 1.278091 0.418256
339 378.1643371582031 190.232421875 444.8860778808594 226.19007873535156 33.028713 8.992941 -1.190477 3.709379 1.560374 1.440448 -3.287167
342 1061.52880859375 147.44195556640625 1135.655029296875 174.71206665039062 41.718506 -27.932871 0.712363 3.529943 1.637769 1.496681 -3.038784
343 629.31201171875 193.15919494628906 731.786376953125 232.99053955078125 31.127897 -2.886703 -1.47403 4.180133 1.688608 1.601659 1.597248
345 662.1218872070312 190.70565795898438 716.9114990234375 232.33712768554688 30.774395 -3.346366 -1.366441 3.532838 1.973023 1.551586 2.93593
347 388.38250732421875 188.12901306152344 452.35101318359375 223.50270080566406 31.991938 8.320156 -1.056362 3.579184 1.76107 1.387837 -3.177741
348 725.12841796875 176.8535919189453 786.1314086914062 203.98675537109375 39.095058 -7.707926 -0.654169 3.84918 1.384088 1.359708 0.359599
350 343.101318359375 185.98304748535156 403.7204895019531 210.79493713378906 44.103397 14.411573 -0.992394 3.128296 1.600458 1.424254 1.319821
354 1083.138671875 120.5756607055664 1166.8212890625 159.4564208984375 34.5201 -24.280062 1.528937 4.158633 1.662633 1.645304 -0.194345
356 743.7517700195312 172.93350219726562 786.7297973632812 196.4152374267578 46.619335 -9.86791 -0.421185 3.463055 1.4973 1.44766 3.317628
357 694.535400390625 178.7200469970703 721.168701171875 206.0492706298828 40.206589 -5.319514 -0.756411 3.59437 1.322162 1.411589 -0.096789
360 43.08644104003906 163.84507751464844 101.24775695800781 186.4543914794922 49.260494 36.503551 0.674415 2.886577 1.746286 1.488931 3.106845
361 695.2174072265625 171.60890197753906 725.5135498046875 189.9895782470703 60.131004 -8.246315 -0.174621 3.168048 1.891523 1.482718 -3.078421
363 406.77227783203125 183.2274627685547 453.74334716796875 205.069580078125 46.919479 11.627534 -0.812234 3.173681 1.888964 1.310942 2.998629
364 240.31826782226562 189.8180389404297 277.30413818359375 216.69573974609375 40.743671 19.712698 -1.115708 2.776073 1.676493 1.371995 3.524678
365 336.47320556640625 170.7210693359375 362.6658020019531 188.43980407714844 58.154869 20.906122 0.228405 2.927808 1.332797 1.383743 0.111348
366 707.5830078125 179.45132446289062 756.2521362304688 216.13275146484375 31.220675 -5.099879 -0.824551 3.691852 1.490814 1.444366 3.132722
367 699.8072509765625 182.02084350585938 760.8400268554688 212.4913787841797 35.471462 -5.740688 -0.914116 3.559514 1.548203 1.355468 0.281254
369 206.93653869628906 192.66912841796875 288.5621032714844 231.10324096679688 27.912577 13.864972 -1.094644 2.634213 1.696052 1.32328 3.077612
370 200.03765869140625 185.76675415039062 249.24984741210938 207.00668334960938 50.104912 26.610369 -0.871565 3.065532 1.910676 1.362458 3.21005
372 294.0353088378906 155.42263793945312 307.5062561035156 179.53082275390625 52.794121 22.545551 1.103461 0.765785 0.607406 1.741219 -0.099168
375 217.55056762695312 185.9171600341797 260.5102233886719 209.02638244628906 49.842129 25.488485 -0.94944 2.965611 1.860889 1.475829 3.328903
377 731.2000732421875 184.91943359375 810.7713623046875 214.2440948486328 35.14854 -7.716777 -1.052798 3.562647 1.533182 1.315979 1.201307
378 1053.19677734375 142.69613647460938 1076.797119140625 185.2948455810547 30.423038 -18.950674 0.409423 0.562245 0.631335 1.76291 -0.002004
379 237.40878295898438 192.03074645996094 314.2138366699219 226.177490234375 33.262428 15.239693 -1.17788 3.758852 1.689524 1.369215 3.113789
381 1030.55078125 142.20175170898438 1090.0953369140625 170.0599822998047 44.097778 -27.228706 1.075081 3.841615 1.64851 1.598477 3.001577
382 60.414085388183594 195.17108154296875 181.6866455078125 243.5708465576172 23.649918 15.784245 -1.109703 3.204786 1.255287 1.346284 2.873716
383 470.3509826660156 190.8009796142578 566.48583984375 231.81602478027344 27.952724 3.513627 -1.165144 3.64032 1.570486 1.366754 -0.640851
386 756.4110717773438 166.41192626953125 809.5347900390625 194.96348571777344 43.722488 -10.301068 -0.176914 3.698446 1.556673 1.640245 0.252316
387 29.59203338623047 202.86251831054688 118.31336975097656 232.35911560058594 42.40799 31.271404 -1.884937 3.753779 1.833593 1.547353 1.853091
390 426.084228515625 182.29336547851562 479.7902526855469 204.6046905517578 49.638004 10.747869 -0.81942 3.864619 1.494106 1.408234 2.676439
392 879.291259765625 157.4447479248047 896.8262939453125 194.190673828125 32.123821 -12.216229 0.00271 0.585847 0.65083 1.599414 0.966233
394 987.5315551757812 186.36268615722656 1059.6826171875 223.8983612060547 31.540033 -17.768433 -1.293037 2.692973 1.814785 1.495529 -3.268462
396 667.8095703125 178.66697692871094 700.3108520507812 206.85899353027344 41.88903 -4.160575 -0.786234 4.285614 1.683177 1.504486 -0.060362
399 667.8492431640625 183.14791870117188 742.1346435546875 214.79244995117188 34.040363 -4.357961 -0.956541 2.893939 1.905606 1.379995 1.912957
400 699.2007446289062 176.94308471679688 741.5450439453125 197.14427185058594 55.978275 -8.445337 -0.651531 2.592044 2.128977 1.494871 3.599532
401 987.5670166015625 150.165771484375 1042.1595458984375 182.38385009765625 36.88726 -20.415257 0.410166 3.75584 1.628926 1.543813 -0.290129
405 263.77362060546875 174.29335021972656 277.68115234375 199.85494995117188 47.761742 22.376637 -0.268762 0.62873 0.56947 1.667803 -0.178524
408 765.3102416992188 171.0222625732422 807.7633056640625 200.27565002441406 38.593807 -9.261777 -0.416357 3.467778 1.787588 1.478906 -0.120817
409 267.4061584472656 191.20550537109375 334.0467224121094 229.1173858642578 29.514784 12.512987 -1.099204 3.155354 1.962411 1.353564 -2.912005
410 413.5479431152344 189.3382568359375 483.7145690917969 224.2919464111328 31.983961 7.201585 -1.110689 3.747293 1.420752 1.357677 -2.435597
411 140.21621704101562 173.14605712890625 169.1829376220703 207.01443481445312 35.181568 22.067081 -0.291356 1.339346 0.596855 1.605596 3.182057
412 1136.147705078125 167.1118621826172 1174.591064453125 241.90655517578125 16.107088 -11.876907 -0.71075 0.603855 0.470788 1.603391 1.085723
414 176.83395385742188 179.88682556152344 189.8713836669922 204.89076232910156 45.144653 26.58091 -0.531924 0.519623 0.53145 1.538986 1.658855
417 680.330810546875 177.52500915527344 716.9552001953125 201.4102325439453 46.395851 -5.564724 -0.679127 3.629873 1.405097 1.438832 0.147237
421 702.0300903320312 183.2107391357422 736.6405029296875 216.83367919921875 33.026634 -4.853595 -0.96908 3.674312 1.466293 1.381088 3.012173
422 259.9194641113281 176.6260528564453 272.7737731933594 200.92022705078125 47.903912 22.729202 -0.373132 1.298536 0.53632 1.572638 0.25893
426 337.2708435058594 174.8473358154297 379.5840759277344 198.73289489746094 59.163036 20.525282 -0.342304 4.009913 1.583421 1.867953 -0.14672
429 1055.5252685546875 141.71792602539062 1081.3148193359375 184.39959716796875 30.228781 -18.971121 0.442214 0.616532 0.660109 1.750077 0.181894
430 749.456298828125 167.6441192626953 820.0723876953125 195.89010620117188 43.959023 -10.490039 -0.250452 3.682784 1.9654 1.660699 1.72249
434 1054.1878662109375 140.65293884277344 1142.3399658203125 175.03042602539062 35.102478 -23.437223 0.731398 3.312789 1.499787 1.573278 0.299521
436 483.2859191894531 185.6979522705078 518.6650390625 206.3484344482422 50.126541 7.555437 -1.048668 3.01088 1.628354 1.323297 3.003023
438 190.79873657226562 157.66830444335938 228.65341186523438 180.9584197998047 48.425537 26.712873 0.941803 3.105094 1.193672 1.502014 3.288073
440 1024.9052734375 153.8422393798828 1100.7921142578125 187.05738830566406 33.731182 -20.955959 0.161781 3.453346 1.833592 1.45877 2.202592
441 563.5037231445312 190.29550170898438 643.6450805664062 223.09197998046875 34.359074 0.327575 -1.267098 3.753702 1.591561 1.370684 2.362016
442 500.85321044921875 182.28053283691406 538.3975219726562 205.7259979248047 40.332104 5.04022 -0.751729 2.697638 1.679695 1.220788 3.114069
443 762.6572875976562 171.86306762695312 789.6201171875 198.340087890625 43.719101 -9.939821 -0.449151 1.505072 0.509115 1.569538 0.920454
445 157.19485473632812 150.98292541503906 226.64395141601562 176.76513671875 44.040901 25.336329 1.17431 3.472776 1.586182 1.496358 -0.316901
448 701.6436157226562 177.3600311279297 735.7105102539062 198.9030303955078 54.630592 -8.094022 -0.716319 3.129019 1.995453 1.554716 -3.106776
449 183.5424041748047 192.72116088867188 272.5845031738281 233.32723999023438 27.922497 14.60338 -1.119771 3.213203 1.392147 1.366997 2.999881
450 471.9142761230469 186.3499755859375 508.94195556640625 212.72918701171875 39.535492 6.519144 -1.010947 3.645877 1.453689 1.299287 -3.129393
452 71.881103515625 183.27915954589844 147.07177734375 211.38897705078125 43.990318 30.320288 -0.741397 3.256654 1.847196 1.576089 2.714674
453 974.1788330078125 172.59646606445312 1072.2481689453125 202.6189422607422 36.565495 -20.677782 -0.627962 4.059179 1.799871 1.458263 -1.402165
454 131.61309814453125 164.03158569335938 200.87130737304688 190.26214599609375 46.620438 28.483471 0.445846 3.530035 1.68191 1.633876 1.925419
457 284.38909912109375 191.52557373046875 350.762939453125 226.8025665283203 33.43261 13.412168 -1.205507 3.776897 1.523025 1.430138 3.142498
458 704.9301147460938 193.83067321777344 787.3160400390625 236.885498046875 26.327608 -4.755949 -1.329753 3.343246 1.857158 1.340414 3.316448
459 436.7529602050781 187.45013427734375 496.1707763671875 215.947265625 37.365135 7.381543 -1.052004 3.39949 1.592104 1.315816 2.851796
460 679.5772094726562 184.46063232421875 720.12109375 206.56680297851562 54.534237 -6.635567 -1.243942 4.358652 2.17089 1.519612 -3.05811
461 337.5115966796875 191.3409423828125 421.09149169921875 226.9307098388672 33.868786 10.699882 -1.240966 4.209826 1.609038 1.430115 2.850446
463 112.49702453613281 181.56594848632812 184.9173126220703 205.72230529785156 45.311035 28.790644 -0.5628 3.38434 1.749389 1.397715 2.639395
464 89.67040252685547 149.58212280273438 157.39285278320312 176.53311157226562 43.667721 29.217979 1.254944 3.5936 1.612586 1.553555 3.125266
467 447.0738525390625 184.46319580078125 512.8535766601562 213.34796142578125 39.01939 6.979217 -0.950723 3.744716 1.694111 1.40203 2.736634
468 1045.01318359375 129.3666534423828 1068.1136474609375 167.9593048095703 32.168289 -19.692591 1.111843 0.672542 0.549181 1.678875 0.308185
469 990.9219360351562 163.25973510742188 1057.1854248046875 196.25103759765625 33.856949 -19.130911 -0.228171 3.359083 1.208974 1.457619 3.120965
471 470.6142272949219 185.4653778076172 521.2349853515625 212.59197998046875 40.964085 6.431767 -1.017214 3.755615 1.834744 1.385418 3.01213
473 1003.5166015625 123.43772888183594 1095.2939453125 161.58816528320312 31.957813 -19.219915 1.343729 3.355371 1.891488 1.532668 1.005104
474 735.5828247070312 175.0672149658203 772.7908325195312 199.21731567382812 44.0233 -8.647224 -0.546881 2.950849 1.492702 1.403547 0.066305
475 739.7982177734375 180.79322814941406 819.3680419921875 211.53102111816406 36.18124 -8.371013 -0.914665 3.630177 1.550261 1.437796 1.962904
477 1038.6883544921875 158.29443359375 1059.1656494140625 199.1318359375 31.191574 -18.741369 -0.194562 0.640357 0.54194 1.725464 0.788397
480 884.5961303710938 170.87078857421875 971.8748779296875 206.82479858398438 31.69224 -13.772257 -0.55275 3.306421 1.397106 1.491444 1.008596