Obj 8.692020 -1.806434 -0.594206 1.245402 0.697629 1.906748 -1.595667
Obj 1.267995 4.271547 -0.867490 0.928977 0.520092 1.813717 -2.032661
Obj 2.037821 2.847966 -0.890488 0.520947 0.416597 1.744217 0.341762
Obj 1.973979 2.892466 -0.892792 0.498250 0.389964 1.778888 0.358341
Obj 2.106143 2.879333 -0.901435 0.490220 0.414787 1.728654 0.206458
Obj 1.239445 4.317306 -0.863194 0.892993 0.625858 1.784302 -2.084789
Obj 4.726448 5.967819 -0.800372 1.019845 0.589545 1.821027 -1.252738
Obj 2.094575 3.800081 -0.771100 0.970196 0.533622 1.843537 1.184109
Obj 8.838739 -2.018502 -0.613450 1.085856 0.760846 1.936942 -1.636167
Obj 4.689481 5.977829 -0.794997 0.681392 0.502185 1.807555 -1.691747
Obj 2.049066 2.892946 -0.873079 0.686500 0.582754 1.747167 -2.680786
Obj 3.416168 4.883047 -0.535256 0.667680 0.692944 1.778844 -0.255597
Obj 2.092700 3.849890 -0.804350 0.997447 0.631730 1.780164 2.357557
Obj 2.182423 3.838836 -0.711793 0.614712 0.596461 1.910515 1.985055
Obj 8.556075 12.400502 -0.624841 2.850023 1.674056 1.464952 -1.725721
Obj 8.256845 13.023902 -0.556396 3.266720 1.695459 1.604569 -1.622720
Obj 2.614735 4.270677 -0.831526 0.877512 0.556610 1.818688 2.096437
Obj 3.399572 -4.787330 -1.162408 0.864331 0.601032 1.686924 3.012195
Obj 7.697750 -5.298662 -0.820937 4.223924 1.963814 1.649076 -0.974597
Obj 2.453845 4.089317 -0.708923 1.022729 0.773262 1.975990 2.424907
Obj 6.923967 -6.117190 -1.227895 3.148955 1.092793 1.298934 0.806903
Obj 3.536868 -5.328672 -1.366936 0.855139 0.628632 1.822545 -2.983671
Obj 7.027950 -6.391559 -1.240002 3.150764 1.152271 1.415119 -1.385568
Obj -0.810967 2.146068 -0.543375 2.969497 1.757525 1.470484 -0.281997
Obj 8.329950 13.692255 -0.221967 3.956341 1.638292 1.554709 -1.753906
Obj 0.051474 -2.292653 -0.750420 2.818501 1.646854 1.507341 0.171152
Obj 2.161465 3.918354 -0.800066 1.037694 0.703370 1.801794 2.087510
Obj 2.047804 3.694125 -0.828115 1.094995 0.922802 1.813156 -2.645777
Obj 3.975512 -7.130791 -1.595626 0.715722 0.581096 1.698410 -0.041409
Obj 3.252750 -14.192162 0.446884 3.636082 1.613640 1.579809 -1.393275
Obj 20.816086 18.131834 -0.774646 3.840341 1.803632 1.382203 -3.261771
Obj 20.711620 15.164904 -1.105587 0.600671 0.520596 1.781220 -2.468760
Obj 2.660159 4.341587 -0.776876 0.495812 0.482795 1.888664 -0.619625
Obj 2.096322 3.974979 -0.782089 0.880082 0.703414 1.856562 -3.134122
Obj 4.061559 -7.101135 -1.788874 1.668624 0.396768 1.687655 -0.069849
Obj 2.632565 4.333393 -0.795879 0.845614 0.518413 1.813970 -0.633438
Obj 1.506668 4.170077 -0.814215 0.999434 0.885328 1.705150 -2.032940
Obj -0.387624 1.021580 -0.830483 3.641531 1.645046 1.569424 -0.271546
Obj 8.285229 -5.085179 -1.294346 3.267851 1.172377 1.288621 0.136115
Obj 3.955424 -6.887165 -2.122419 1.731913 0.624164 2.048582 -0.418075
Obj 21.887064 -20.881535 -0.862747 1.848591 0.453461 1.709769 -0.055343
Obj 7.512259 -4.185255 -0.928111 4.036979 1.618356 1.633602 1.363290
Obj 2.746021 4.423156 -0.724154 0.537710 0.465518 1.880641 -0.660341
Obj 18.070158 15.139589 0.629358 3.610210 1.579637 1.646299 1.209165
Obj 3.470318 -5.170825 -1.263652 0.823245 0.647736 1.814691 -3.114233
Obj 18.384682 -17.047012 -0.601258 0.758893 0.700316 1.906862 3.094840
Obj 0.440605 8.034098 -0.223254 3.878721 1.575976 1.433226 0.940610
Obj 14.345004 -4.891763 -1.760070 0.690984 0.700380 1.794762 -0.155944
Obj 1.457548 -4.626054 -0.780578 3.117081 1.329035 1.374813 -0.328572
Obj 8.595425 12.676047 -0.859757 3.845373 1.600026 1.527814 -2.605145
Obj 8.327783 13.035885 -0.877719 3.623052 1.544721 1.471903 1.929283
Obj 10.519181 4.565614 -0.712072 1.510971 0.591166 1.537685 -1.307486
Obj 7.895323 -6.349259 -0.893348 3.516090 1.671257 1.424491 -0.539035
Obj 1.360690 4.369589 -0.845569 0.980577 0.704801 1.752045 -2.079187
Obj 7.814061 -5.502533 -0.863946 3.139736 1.672077 1.431930 -0.055299
Obj 20.757837 15.294049 -1.000980 0.684990 0.662201 1.787095 -3.055717
Obj 18.705038 -0.299711 -0.367937 3.987251 1.867460 1.437627 -1.549361
Obj 20.867174 15.093826 -1.007546 0.630685 0.588241 1.866398 -1.936437
Obj 16.526512 5.374448 -0.921131 2.824618 1.543276 1.306419 0.224941
Obj 3.743307 -14.040560 0.290537 3.948189 1.605571 1.516306 -0.984010
Obj 8.673374 -1.665905 -0.655717 1.126110 0.740124 1.915942 -1.677326
Obj 4.842367 5.958844 -0.812594 1.049905 0.622853 1.859930 1.223374
Obj 11.526986 5.000297 -0.687171 1.348575 0.740271 1.601067 -0.097488
Obj 4.137522 -7.240852 -1.576975 0.599699 0.662184 1.677371 1.097670
Obj 6.640220 -6.812338 -1.190174 3.912710 1.650238 1.625494 -1.312907
Obj 4.023893 -7.227657 -1.640352 1.356322 0.465400 1.689039 0.072018
Obj 0.134569 7.719045 -0.373314 3.694601 1.632790 1.577210 -0.488466
Obj 7.073477 -9.637960 0.007475 4.073904 1.556094 1.505682 -1.900020
Obj 14.465148 -3.362778 -0.727248 0.638747 0.488057 1.584201 2.166486
Obj 1.236956 -15.196266 0.587364 3.855615 1.627807 1.620700 -0.147467
Obj 1.684139 -14.949289 0.798073 3.934088 1.512683 1.498551 -1.335725
Obj 5.798379 -3.330984 -0.870221 0.801646 0.596626 1.407577 -0.039327
Obj 18.346001 -18.102352 -0.682641 3.695414 1.517676 1.433319 2.720276
Obj 12.324811 -4.814487 -0.741898 1.772358 0.623862 1.625417 3.375395
Obj 13.217461 -0.972032 -0.953409 0.581257 0.584423 1.740711 0.123637
Obj 5.562581 -11.222219 -1.065834 3.692015 1.561239 1.387327 -1.947542
Obj 1.212019 -14.887722 0.718675 3.821866 1.740712 1.500302 -3.044115
Obj 20.993315 21.972057 0.018049 1.672403 0.480623 1.776041 3.265046
Obj 3.693976 -9.440246 -0.795230 3.304795 1.597589 1.450247 -1.875739
Obj 3.615349 -13.476479 -0.039169 3.797257 1.441965 1.510255 -0.547618
Obj 7.664090 -5.754796 -1.009778 3.234557 1.498486 1.397830 0.998068
Obj 0.557990 7.457217 -0.394554 3.615145 1.689566 1.579852 0.936785
Obj 11.455047 -5.488914 -0.774975 2.016356 0.492319 1.553805 -1.662945
Obj 0.074833 14.492992 -0.928275 1.228062 0.480671 1.467699 1.591147
Obj 0.686362 8.138860 -0.335561 3.964312 1.618030 1.499570 1.820581
Obj 11.042873 3.832574 -0.695006 1.712234 0.529447 1.533141 -2.689352
Obj 3.891513 -7.192563 -1.509403 0.625397 0.592358 1.780404 -0.244637
Obj 10.629939 -4.066080 -0.685803 1.572839 0.689323 1.514838 2.649250
Obj 0.958473 -4.803177 -0.945912 3.275882 1.115654 1.349374 -0.557670
Obj 4.247965 -12.523831 0.158196 4.083408 1.445825 1.607741 -0.392254
Obj 47.839283 -12.406135 0.468574 3.705238 1.498000 1.478993 -3.074795
Obj 8.046553 -8.134359 -0.570983 0.609666 0.741349 1.790638 -1.493186
Obj 50.251682 0.085010 2.176394 3.817951 1.664374 1.379533 -3.253207
Obj 3.444714 -4.904257 -1.189452 0.825453 0.639360 1.729339 2.679480
Obj 0.338980 7.282728 -0.408816 4.043504 1.639346 1.605022 0.389402
Obj 13.630861 -4.146635 -1.640112 2.937293 1.478546 1.402290 -0.377111
Obj 7.736779 -4.942206 -0.859387 3.200487 1.159705 1.443916 0.582026
Obj 3.798130 -7.071077 -2.027106 1.727260 0.748753 2.067249 -0.918096
Obj 14.597886 11.654920 -0.632951 0.577056 0.499027 1.553166 1.174230
Obj 17.054998 10.578165 0.257730 4.023330 1.934440 1.660926 1.220181
Obj 46.039822 -12.974197 1.882332 3.548012 1.589445 1.387663 3.189774
Obj 2.490355 4.357279 -0.862552 1.024852 0.549886 1.758667 2.114980
Obj 16.996454 14.830129 -0.574805 3.546096 1.549468 1.501620 2.107699
Obj 1.673421 15.845387 -0.426120 3.605413 1.477288 1.544708 -2.249706
Obj 0.192892 -3.635653 -0.631555 0.564523 0.598714 1.483909 0.078762
Obj 16.577375 -0.422260 -0.871580 3.558647 1.449870 1.369776 3.103614
Obj 26.712196 17.742168 -0.991845 3.950245 1.748455 1.485316 -3.071877
Obj 4.269981 -7.161832 -1.551919 0.747077 0.571062 1.712028 0.088177
Obj 10.513724 -4.289332 -0.581743 1.910673 0.871211 1.814191 0.368674
Obj 12.055983 -6.074864 -0.687566 1.578502 0.545198 1.627292 -1.250582
Obj 0.051670 17.891811 -0.689113 3.064186 1.579109 1.429686 2.117083
Obj 0.195935 14.418554 -0.750241 1.491866 0.445868 1.452543 1.284265
Obj 2.114237 3.316362 -0.669385 0.951166 0.827458 1.701899 -2.108098
Obj 0.986248 -5.294327 -0.685295 3.644743 1.467242 1.424736 -1.033480
Obj 12.443413 -10.398346 -0.363014 0.595987 0.759500 1.665849 3.196774
Obj 20.972757 22.191093 0.148323 1.621140 0.612355 1.752965 3.251724
Obj 3.306912 -4.574934 -1.128011 0.776227 0.567392 1.609177 3.197870
Obj 11.392721 -4.565780 -0.733276 1.861513 0.716735 1.679263 0.524692
Obj 11.020153 -4.462610 -0.705120 1.858067 0.810112 1.797845 0.179801
Obj 18.016266 -0.458074 -1.538653 2.612825 1.487177 1.494414 -1.508062
Obj 11.987020 -4.696020 -0.656190 1.417201 0.593804 1.745227 -0.091227
Obj 0.578192 -3.840824 -0.761651 0.529371 0.572279 1.387007 -0.402476
Obj 12.427938 -10.071834 -0.497283 1.938785 0.553253 1.749088 -2.610801
Obj 18.161345 -6.279370 -1.234889 0.609129 0.695892 1.846947 0.119492
Obj 3.441165 16.944983 -0.894743 3.351287 1.557323 1.388280 -1.675039
Obj 5.859383 -12.797691 -0.357094 3.385249 1.711152 1.421151 -1.561347
Obj 3.319267 -11.987601 -0.081260 3.500926 1.440030 1.539866 0.137210
Obj 10.208252 -10.052415 -0.145277 0.805303 0.691722 2.075978 -0.733010
Obj 16.739977 2.295496 -0.774016 3.136268 1.572061 1.289388 0.039758
Obj 11.857334 -6.281840 -0.725603 1.398410 0.596349 1.712812 -1.056494
Obj 7.754501 12.345160 -0.775157 3.660622 1.762801 1.734674 -1.602746
Obj 2.092451 2.838540 -0.879245 1.062561 0.697496 1.717340 -2.649732
Obj 3.944333 -9.376765 -0.730224 3.907203 1.643733 1.533275 -2.984194
Obj 13.237848 1.729600 -0.679788 0.458298 0.556581 1.673301 -1.383377
Obj 1.300185 -15.609139 -0.609455 3.916426 1.540664 1.628897 -0.259813
Obj 18.184702 -0.250639 -1.430677 2.623654 1.240822 1.394911 -1.901375
Obj 6.894678 -10.985036 -0.335903 3.488580 1.599699 1.572568 -1.474144
Obj 6.042518 -9.361444 -1.013276 3.188680 1.752666 1.406269 -1.842404
Obj 0.808379 -3.980770 -0.514705 0.552887 0.522354 1.391069 -0.447037
Obj 7.126701 15.204811 -0.738386 1.365283 0.615556 1.579777 -1.598160
Obj 19.166842 -17.966263 -0.134868 3.672612 1.586338 1.485382 -2.634100
Obj 1.109872 -14.885059 0.156531 4.511479 1.743923 1.681210 0.126484
Obj 13.310281 4.739595 -1.718347 3.449752 1.948339 1.443536 0.976451
Obj 12.069360 -5.853715 -0.899030 1.193399 0.456036 1.601081 -1.672218
Obj 12.225463 -5.668966 -0.641646 1.519241 0.568384 1.681894 -1.367851
Obj 12.716471 -10.303646 -0.054535 0.887272 0.672718 1.995420 3.139627
Obj 3.231023 -5.361764 -1.388033 2.004230 0.598176 1.815870 -2.985387
Obj 14.739525 -3.341216 -1.118039 0.454297 0.545011 1.510738 0.007089
Obj 14.591712 11.728201 -0.474848 1.635910 0.603933 1.652694 1.818812
Obj 2.311070 -14.528239 -0.328977 3.555148 1.508393 1.529746 2.779948
Obj 2.693830 -8.259830 0.071630 5.182993 1.659533 1.872600 -0.228408
Obj 8.886437 15.934907 -0.264993 3.364318 1.762616 1.496856 1.369564
Obj 17.800234 -2.885610 -1.572609 0.440837 0.599146 1.537553 -2.229332
Obj 19.462687 1.337203 0.775179 4.619585 2.141142 1.745439 -0.121975
Obj 11.983375 -6.421742 -0.882506 0.574569 0.612707 1.556549 2.335267
Obj 12.167782 -4.947535 -0.791868 1.362177 0.652677 1.606602 1.336039
Obj 12.198764 -6.451178 -0.850161 1.596189 0.573584 1.609850 2.897376
Obj 5.181214 13.644934 -0.633412 1.272898 0.523240 1.544601 1.596429
Obj -0.496308 -4.037770 -0.873069 2.564754 1.518662 1.274993 -0.593193
Obj 4.827323 6.178925 -0.790192 1.058827 0.633825 1.879965 1.955434
Obj 15.921134 7.991071 -0.124701 2.759553 2.588125 1.547775 1.877792
Obj 12.508604 -10.063459 -0.367126 0.813033 0.521608 1.791061 -2.952510
Obj 14.709809 11.324873 -0.564408 0.806822 0.697568 1.719782 3.358985
Obj 3.452632 -8.985235 -0.730569 3.663511 1.528294 1.517559 -2.872476
Obj 11.816571 -6.330478 -0.724615 1.327223 0.533308 1.560007 -0.577943
Obj 11.448302 -5.449446 -0.701626 1.412718 0.676867 1.459592 2.074729
Obj -0.118045 -1.781136 -0.837968 2.593623 1.620691 1.481807 0.391558
Obj 60.359711 -12.775231 1.453874 3.545262 1.458306 1.555409 -0.157945
Obj 11.207375 -9.942307 -0.654283 0.562894 0.615970 1.662987 -2.797871
Obj 1.069681 16.204933 -0.985253 3.816925 1.439144 1.367275 -1.527428
Obj 2.100331 4.523801 -0.738070 1.146621 0.816000 1.803791 2.667397
Obj 16.792761 9.178091 0.231907 3.716348 1.747228 1.661188 1.546210
Obj 1.200001 8.025467 -0.334839 3.515820 1.540187 1.467299 1.315065
Obj 7.972086 -8.161126 -0.603173 0.644672 0.750305 1.736876 -1.493557
Obj 2.172737 3.832893 -0.741786 1.047683 0.690531 1.805055 -2.938705
Obj 40.037365 -3.960366 0.951029 0.847351 0.612515 1.915378 3.171205
Obj 0.388949 7.748074 -0.351648 3.957244 1.444188 1.485255 1.989050
Obj 5.251095 13.515288 -0.621045 1.427632 0.566412 1.478714 2.993086
Obj 40.091316 -3.875207 0.852096 0.987337 0.580479 2.088758 -2.019771
Obj 30.878965 26.666594 -0.265360 3.666143 1.434575 1.315644 3.071534
Obj 25.010738 17.552990 -0.952398 3.552646 1.715189 1.366017 -3.348171
Obj 14.512882 11.814448 -0.501468 0.684852 0.601249 1.742278 1.439682
Obj 18.764639 -2.423662 -0.253836 3.810422 2.347926 1.735505 -1.355699
Obj 8.593687 -1.852812 -0.582707 1.256336 0.748688 1.947623 -1.684959
Obj 11.992845 -5.163354 -0.712046 1.622802 0.521700 1.651466 -3.186090
Obj 12.342521 -7.201622 -0.698720 0.555284 0.722515 1.719262 -1.554338
Obj 3.299878 17.323921 -1.004497 3.446960 1.519679 1.557321 -0.832267
Obj 0.274870 16.882881 -0.579069 3.421322 1.528902 1.390756 -2.149460
Obj 10.349914 -9.993717 -0.215082 0.846857 0.647770 1.839673 0.295737
Obj 11.401540 -5.342907 -0.980388 1.353578 0.514494 1.452039 3.096841
Obj 12.024271 -6.953526 -0.755146 0.554985 0.702505 1.718587 -0.574656
Obj 13.304943 -10.474778 -0.235755 0.895707 0.603349 1.975801 1.860754
Obj 15.937180 6.148784 -0.502199 1.161186 0.694781 1.633641 1.547930
Obj 18.301617 0.907090 -1.251345 3.339490 1.609696 1.587852 1.671872
Obj 10.648487 -3.946203 -0.693187 1.477982 0.662108 1.458335 2.194087
Obj 24.623127 21.367361 -0.418555 3.664004 1.498534 1.313650 3.042275
Obj 0.899854 -3.745579 -0.813704 3.088475 1.368248 1.404433 -0.685232
Obj 11.296150 3.535963 -0.626826 1.672061 0.660051 1.593228 -0.373427
Obj 10.305700 -2.494080 -4.654592 3.421241 1.661580 1.455015 -0.383003
Obj 3.303865 -4.264601 -1.035392 0.564284 0.706141 1.490259 3.121585
Obj 11.356452 -5.251199 -0.685886 1.599757 0.639279 1.681170 0.296544
Obj 12.575848 -5.523233 -0.875353 0.578019 0.551427 1.632312 -1.294836
Obj 11.161968 3.588716 -0.641775 1.307972 0.590225 1.462180 -1.586203
Obj 7.934935 -8.112955 -0.340900 1.510838 0.534189 1.583338 2.557262
Obj 11.873373 -8.494864 -0.613456 1.251979 0.444834 1.511164 3.023719
Obj 18.110090 0.732390 -0.134315 4.455586 2.569143 2.063804 0.469720
Obj 49.937706 -12.066474 1.080475 3.471250 1.951491 1.465062 3.076461
Obj 3.419106 -5.468189 -1.406896 0.767331 0.599717 1.819489 -0.345215
Obj 17.318182 0.606189 -0.814545 3.531449 1.784281 1.582578 1.579818
Obj 10.871737 4.217619 -0.638772 1.678917 0.519898 1.643564 -0.352632
Obj 2.335730 -5.728833 -0.939624 3.229290 1.371217 1.377145 -0.584704
Obj 11.996167 -5.049677 -0.699680 0.708762 0.552730 1.632539 2.982744
Obj 18.737968 -2.636755 -0.421501 3.598018 1.501491 1.519444 0.476174
Obj 11.998402 -6.215499 -0.719516 1.433460 0.530537 1.593433 -0.359309
Obj 1.663780 4.407564 -0.744898 0.847699 0.685302 1.607588 -2.245508
Obj 1.768227 14.702744 -0.820497 1.150617 0.574527 1.513779 2.277498
Obj 16.502310 1.715889 -0.869202 3.502108 1.621136 1.402981 -1.000775
Obj -0.064024 -20.091122 0.940085 3.615891 1.590393 1.345486 3.121929
Obj 51.101307 0.851180 -0.028560 3.800896 1.979251 1.509401 -3.046637
Obj 2.008628 4.278547 -0.828332 1.104664 0.879015 1.818490 2.410208
Obj 11.996224 -6.199465 -0.788629 1.777151 0.510967 1.718145 3.143634
Obj 3.700647 -4.624098 -1.352785 0.574025 0.412021 1.390477 0.205607
Obj 51.691750 0.039602 0.293309 3.624818 1.380318 1.325426 -2.938922
Obj 6.024002 13.812657 -0.598983 0.524785 0.540702 1.500264 3.349323
Obj 11.102834 3.608814 -0.647274 1.360319 0.550636 1.510783 -1.024469
Obj 19.055889 0.725083 -0.140381 4.284199 2.061363 1.839541 -1.197717
Obj 18.422800 0.731699 -0.007609 4.052969 2.139740 1.799558 -0.558293
Obj 17.852942 0.041692 -1.396472 2.780805 1.145318 1.302584 2.780727
Obj 5.489159 14.927671 -0.612647 0.568259 0.597453 1.508367 3.080647
Obj 15.982943 16.409946 -0.931809 3.552681 1.609690 1.490759 2.095210
Obj 20.509380 1.372760 0.772940 3.434725 1.819195 1.447423 -0.285833
Obj 7.840104 12.018409 -0.878214 3.782984 1.799018 1.668480 -2.500026
Obj 17.288464 11.873357 -0.792523 3.123611 2.118865 1.553624 -1.489129
Obj 10.866150 4.516950 -0.652605 1.630137 0.588860 1.454481 -1.296027
Obj 7.104496 -4.514779 -0.892863 2.761023 1.432033 1.402958 -0.043803
Obj 13.400172 1.661708 -0.696119 0.393058 0.548661 1.574275 -1.530916
Obj 13.599884 8.808664 -0.677936 0.704480 0.591112 1.775963 -1.151947
Obj 1.805448 -4.905327 -1.133789 3.441990 1.406988 1.296160 -0.998307
Obj 13.301147 1.305597 -0.767386 0.411584 0.511110 1.358812 -0.774790
Obj 11.086572 3.558457 -0.678506 1.334035 0.582561 1.458399 -2.085403
Obj 14.830956 27.665815 1.631785 3.582377 1.499237 1.347088 3.061642
Obj 11.690083 -4.555160 -0.667366 1.483079 0.644403 1.634507 0.813143
Obj 13.117738 1.508235 -0.686582 0.421063 0.665143 1.602724 -0.625359
Obj 5.662943 -3.122286 -0.904077 0.644256 0.472614 1.396024 -0.319497
Obj 19.019598 7.974282 -1.373945 3.683319 1.575114 1.472200 -0.646653
Obj 1.303248 14.843916 -0.877336 1.364370 0.661949 1.582122 2.091793
Obj 11.658963 3.073260 -0.590356 1.840277 0.640115 1.872069 0.158274
Obj 0.759128 -5.784818 -0.790698 2.777231 1.538011 1.417761 -1.718687
Obj 2.104873 2.976812 -0.817641 1.149382 0.827911 1.753606 -2.668884
Obj 12.836993 5.587871 -0.523842 4.042694 1.886113 1.489191 -0.845538
Obj 12.900710 -3.226655 -0.948286 3.147357 1.415770 1.328206 0.610436
Obj 2.553173 13.575482 -0.606057 0.598110 0.662547 1.569737 -1.739873
Obj 6.383468 -9.064555 -0.203154 2.736949 1.489813 1.469115 2.029036
Obj 17.872341 1.783078 -1.170411 3.110743 1.448945 1.439915 1.747447
Obj 11.060043 4.683082 -0.611496 1.659200 0.717970 1.648835 0.138946
Obj 0.309337 14.140972 -0.758595 1.538350 0.431197 1.452019 1.464866
Obj 5.269260 13.482052 -0.819527 1.316199 0.496642 1.474408 0.209281
Obj 12.718779 3.798100 -0.734267 3.611705 1.448245 1.462653 -0.052490
Obj 3.544298 -13.767734 0.504135 3.929455 1.630007 1.586520 0.030372
Obj 12.133497 -7.052665 -0.788274 0.570842 0.728107 1.552184 -1.142678
Obj 8.951026 -1.824616 -0.603509 1.123605 0.912481 1.889248 -1.924551
Obj 13.534739 8.794518 -0.672558 1.125459 0.490833 1.548596 0.123746
Obj 16.916052 -9.824722 -1.927870 3.857380 1.747461 1.522672 -2.128830
Obj 18.958908 7.216037 -1.157289 3.309776 1.866081 1.444953 -1.742024
Obj 12.800073 -5.639062 -0.892673 3.413893 1.257560 1.410326 0.652505
Obj 10.903700 -4.992773 -0.690301 1.483328 0.713205 1.623180 -2.966549
Obj 8.456539 11.947592 -0.804698 3.469591 1.467475 1.437685 -0.056041
Obj 9.372637 -1.981703 -0.631119 1.042739 0.909531 1.782832 -2.417469
Obj 29.340916 29.028992 1.337659 3.132527 1.697149 1.480434 -2.999508
Obj 12.587584 -10.244916 -0.323197 1.801304 0.513453 1.750622 -3.115641
Obj 3.617754 -7.083240 -0.967415 0.766093 0.651401 1.768194 -1.109524
Obj 11.679008 -9.461628 -0.520792 0.534044 0.467726 1.528500 0.327431
Obj 11.696376 4.307312 -0.823582 3.289551 1.247672 1.354010 -0.292854
Obj 19.394573 2.116767 0.783402 5.737368 1.644344 1.741435 0.274958
Obj 2.473201 -7.404929 -1.036539 4.315680 2.653337 1.904021 0.090960
Obj 12.361660 -4.661184 -0.945217 0.480779 0.501161 1.525906 -0.062956
Obj 11.871299 -4.978078 -0.733925 1.689563 0.652355 1.677941 -2.757636
Obj 19.192219 22.227264 -0.146055 0.923095 0.613546 1.731407 -3.048671
Obj 5.591973 -7.764688 0.082098 3.933233 2.074281 1.953080 0.540244
Obj 3.279906 -7.166284 -1.941401 1.547244 0.674922 1.689259 2.354452
Obj 17.664560 14.029967 -0.408145 3.112902 2.261816 1.826387 2.108813
Obj 4.843587 -4.448834 -1.389223 0.637427 0.534333 1.599336 -1.385760
Obj 13.928097 6.439685 -0.606132 0.498474 0.523929 1.485197 -1.048741
Obj 61.395069 -12.341919 1.040961 3.909162 1.962932 1.625047 -0.396744
Obj 11.932052 -5.038812 -0.947030 1.407401 0.448505 1.708620 -0.258218
Obj 19.047697 0.935736 -0.114963 3.205807 1.655884 1.691226 0.972985
Obj 10.971990 4.496999 -0.641341 3.065657 1.414317 1.403639 2.179981
Obj 3.630106 -7.161765 -1.928950 1.699844 0.814463 1.897097 0.046821
Obj 3.256513 14.086603 -0.641334 1.172982 0.535049 1.634517 -1.252555
Obj 4.973661 -4.591995 -1.232456 3.067287 1.337884 1.354919 0.710663
Obj 13.015941 -0.818857 -0.768909 0.803696 0.633282 1.742268 1.734202
Obj 8.835457 -8.278062 -0.931113 3.261710 1.465178 1.403189 1.065315
Obj 20.161507 22.409925 0.162840 0.628936 0.662502 1.808100 -1.654883
Obj 19.475630 -4.867729 -0.362994 3.501789 1.602811 1.422902 0.213033
Obj 0.573855 -5.002490 -0.938901 2.985339 1.477903 1.439939 -1.363375
Obj 41.293137 -4.254972 0.962833 4.295446 1.469293 1.812471 -0.202899
Obj 19.821301 7.300158 -1.453676 4.053424 1.609992 1.568136 1.022252
Obj 12.244538 -5.828018 -0.620986 1.543299 0.583189 1.578889 -2.895670
Obj 1.205144 -4.258013 -1.116468 0.555131 0.516517 1.525447 -0.135734
Obj -0.233958 5.371913 -0.340735 2.818418 1.650150 1.506524 -0.660001
Obj 6.191119 -4.792991 -0.992142 3.452123 1.666104 1.419416 0.081490
Obj 17.697962 1.239388 0.149804 4.179288 2.250818 1.914836 0.567266
Obj 16.264154 -1.049503 -0.830094 3.382557 1.574509 1.405847 -3.092071
Obj 18.481535 -3.214116 -0.013828 0.676507 0.590463 1.801399 -1.996203
Obj 55.691868 -12.600748 1.620335 3.774532 1.659073 1.350322 3.070176
Obj 11.253197 3.659744 -0.708716 1.603382 0.610679 1.563801 -2.854590
Obj 5.007520 13.290953 -0.739740 0.961956 0.484513 1.398531 2.949135
Obj 11.526874 -3.098684 -0.875321 3.752073 1.492182 1.354819 1.168650
Obj 21.522936 22.074806 0.045832 1.455011 0.485147 1.709467 0.228852
Obj 21.736914 21.973080 -0.093743 1.618577 0.435826 1.704889 -0.297336
Obj 19.839390 -2.854416 -0.256052 5.380634 1.882912 1.771240 0.346686
Obj 10.726178 4.446380 -0.653538 1.323914 0.553365 1.510006 -0.301607
Obj 11.865534 -5.289268 -0.769682 1.878636 0.589883 1.734872 -2.790334
Obj 17.161354 2.432867 -0.956939 3.101568 1.586709 1.483527 -0.974280
Obj 8.482899 -13.172411 -0.155730 4.194220 1.807116 1.534428 -2.918349
Obj 5.215992 16.663366 -0.638279 0.519505 0.511861 1.618921 -1.600585
Obj 10.837957 3.761022 -0.697165 1.434319 0.575642 1.582536 -0.263744
Obj 0.691523 16.650976 -0.509884 3.320112 1.638092 1.620355 -2.966689
Obj 2.949833 -3.502993 -0.854256 0.683145 0.548879 1.565643 3.583006
Obj 5.696166 -4.224631 -0.881407 2.870159 1.326542 1.288538 0.874396
Obj 11.206713 5.520149 -0.708429 1.508707 0.662603 1.684756 -0.365253
Obj 14.122100 8.588182 -0.085479 0.502063 0.566168 1.562265 1.409649
Obj 20.959806 24.497051 0.550049 2.897381 1.252869 1.362322 1.861844
Obj 16.115091 -0.782309 -0.931279 3.753587 1.610596 1.410462 -1.982215
Obj 5.304887 13.239524 -0.693210 1.092655 0.553168 1.506689 1.470509
Obj 1.455342 -8.552938 0.057155 3.615560 1.423255 1.612564 -0.353396
Obj 15.973858 23.540794 -0.541849 3.319706 1.634520 1.408491 2.211213
Obj 17.478750 21.740511 0.246104 0.724268 0.619894 1.762955 -2.477082
Obj 12.182285 -5.455559 -0.739210 1.579458 0.613659 1.594660 -2.405032
Obj 6.459419 -3.870469 -0.912017 3.105469 1.198345 1.209685 -0.033686
Obj 12.815721 -4.687360 -0.809914 1.225151 0.473411 1.485580 0.379022
Obj 6.160944 16.211428 -0.599252 3.156792 1.421845 1.347123 1.239484
Obj 12.576671 -4.734441 -0.776959 0.647588 0.483443 1.475729 1.071358
Obj 18.627724 -3.697789 -0.708913 2.989179 1.593116 1.431582 -1.190529
Obj 11.045689 4.473267 -0.691943 1.515437 0.600140 1.496378 -0.050077
Obj 13.888586 -0.074414 -1.214403 0.602041 0.442759 1.458743 3.495853
Obj 16.596495 8.380112 -0.021876 2.952850 1.800092 1.560110 2.233130
Obj -0.464417 -10.438468 -0.084536 4.280447 1.806650 1.653574 0.517696
Obj 5.734072 16.439873 -0.836539 1.289426 0.496415 1.549228 -1.488467
Obj 4.847925 5.970387 -0.781337 1.206046 0.682878 1.909962 2.200628
Obj 19.482367 -0.928093 -0.184965 5.308441 1.860402 1.812474 0.164074
Obj 2.740708 16.345783 0.131052 3.397313 1.692611 1.481147 -2.690966
Obj 0.499378 -3.750874 -1.066861 1.327773 0.477488 1.495012 -0.704844
Obj 18.071451 -4.714994 -0.879839 0.503289 0.639653 1.752135 0.222259
Obj 11.178066 3.484037 -0.652962 1.665915 0.640782 1.517645 -0.409515
Obj 0.150093 16.062017 -0.615353 3.213037 1.601986 1.364781 -1.656293
Obj 0.231246 -5.517665 -0.798838 3.184952 1.796071 1.501563 -1.819144
Obj 11.150325 -4.798683 -0.708924 1.620529 0.666041 1.560008 -2.168895
Obj 13.100367 1.359575 -0.854102 0.493329 0.445403 1.566324 0.371402
Obj 10.511194 4.691113 -0.750939 1.461235 0.542655 1.533269 -0.369862
Obj 18.233765 -9.554315 -1.935655 3.070210 1.692622 1.373747 -0.082488
Obj 18.800144 -2.187608 -0.192620 5.010601 2.315202 1.874236 -0.497414
Obj 1.615184 4.909484 -0.688149 0.933325 0.857487 1.819383 -2.652809
Obj -0.228898 4.799744 -0.205561 2.758719 1.415116 1.470809 -0.684455
Obj 3.937485 -7.385897 -1.034858 0.760644 0.654730 1.681884 -1.656424
Obj 12.192971 -6.814430 -0.700256 0.567868 0.593396 1.586925 -1.041116
Obj 4.591075 19.387667 0.056980 3.938242 1.598753 1.478108 1.186386
Obj 11.185067 5.227865 -1.060774 2.548638 1.263685 1.303344 2.348696
Obj 11.948469 4.145653 -0.764724 3.627164 1.093606 1.374146 1.072941
Obj 6.141448 -5.434682 -1.570704 3.314786 1.474971 1.565856 -1.158548
Obj 10.692648 4.951313 -0.633903 3.594509 1.272311 1.359010 1.261117
Obj 15.094791 -1.880323 -1.095939 2.488766 1.243325 1.256828 -0.799643
Obj 0.527579 -5.250610 -0.620117 3.247437 1.447049 1.440019 -0.243024
Obj 1.054652 14.491359 -0.406317 0.725295 0.548436 1.578092 -1.153857
Obj 16.621504 -0.925706 -0.722363 2.892866 1.572955 1.319043 2.667506
Obj 12.028589 2.700117 -0.572547 1.485390 0.718012 1.752556 -0.565069
Obj 4.910995 -5.361599 -1.184156 3.440115 1.320215 1.408457 0.085891
Obj 5.384640 13.488498 -0.784154 1.263449 0.471210 1.455171 2.635025
Obj 14.873587 -2.335173 -1.190276 1.374049 0.679119 1.376850 -1.533162
Obj 5.366292 -7.439628 0.156759 4.632056 1.844743 2.135452 0.817958
Obj 21.614170 -21.644989 -0.952480 3.491738 1.325681 1.419545 0.071290
Obj 0.204101 17.896397 -0.847226 3.621454 1.591404 1.495625 2.941940
Obj 12.267053 -4.617822 -0.733476 0.541184 0.578019 1.588442 2.185961
Obj 13.119680 14.577708 -0.697039 2.685798 1.289481 1.310731 2.919495
Obj 4.898298 5.805608 -0.705207 0.964123 0.670534 1.797189 -0.062976
Obj 11.091874 3.920535 -0.674150 1.812397 0.562586 1.743313 -0.387595
Obj 18.634918 -16.141411 -0.065904 0.526416 0.551777 1.585070 -2.394790
Obj 18.528084 -3.185480 -0.042742 0.841197 0.640329 1.961285 1.586415
Obj 3.409561 17.829882 -0.984496 2.962674 1.655576 1.413820 2.049093
Obj 0.493557 14.473265 -0.958424 3.289349 1.023165 1.329215 1.184480
Obj 22.039000 -20.990290 -0.960564 1.405476 0.369810 1.554637 -0.038419
Obj 10.993879 4.081460 -0.642061 1.347608 0.607384 1.473108 -1.339094
Obj 14.514242 10.755815 -0.533622 0.686462 0.557498 1.631884 -2.414549
Obj 19.424271 -4.495641 0.189418 4.384290 1.485129 1.475850 -0.637365
Obj 18.356293 -3.730712 -0.695267 2.807286 1.084463 1.312699 0.621247
Obj 10.824817 4.845314 -0.612890 1.217997 0.733691 1.453850 -0.710103
Obj 3.814064 18.549702 -1.464720 3.487084 1.679436 1.579977 0.057625
Obj 13.062164 1.429294 -0.920132 0.551992 0.510999 1.518395 1.598058
Obj 10.881886 4.317185 -0.822436 3.457502 1.469230 1.514470 0.172266
Obj 5.357593 16.784050 -1.227890 2.334409 1.877045 1.321755 -0.262835
Obj 10.722625 -5.677447 -0.708528 1.578949 0.508818 1.559590 -3.176897
Obj 18.060896 1.906852 -0.174065 0.899477 0.908743 2.009669 -2.604790
Obj 11.045638 4.968869 -0.527418 1.646332 0.813766 1.621029 -3.331433
Obj 5.423817 -2.866530 -0.883505 3.621828 1.271218 1.298360 1.685979
Obj 15.695015 -5.987942 -0.643156 3.639261 1.494962 1.416263 -0.243803
Obj 11.980611 -5.675995 -0.700943 1.447788 0.474142 1.670873 -0.201749
Obj 13.265359 -1.296476 -0.732748 0.647920 0.467823 1.657287 -2.110449
Obj 13.427928 1.836741 -0.833295 0.529326 0.408902 1.551827 0.041146
Obj 0.508693 14.176059 -0.823646 1.259706 0.512651 1.404971 1.587162
Obj 5.586157 -5.459133 -2.055322 0.741442 0.651699 1.740016 -2.105402
Obj 1.866744 -4.109790 -1.174773 3.963403 1.246112 1.408200 -0.751089
Obj 1.831525 -4.179499 -1.026964 0.551520 0.539924 1.678578 -0.183599
Obj 5.032938 15.752740 -0.706977 0.677593 0.501050 1.540585 0.394817
Obj 13.453273 -1.106128 -0.778582 0.551765 0.550999 1.649133 0.664999
Obj -0.372261 16.639988 -1.033801 3.195934 1.363744 1.251047 2.509975
Obj 18.064707 -4.556592 -0.967107 0.424555 0.725037 1.672620 0.084017
Obj 1.782971 -4.117182 -1.109838 2.654198 1.082573 1.310027 -1.301205
Obj 18.075027 -4.195273 -0.972050 0.443618 0.482724 1.695336 0.350214
Obj 12.609498 -5.314723 -0.539661 2.834690 1.441097 1.366214 -0.989216
Obj 4.638907 5.316458 -0.643460 0.785216 0.869283 1.716931 0.668963
Obj 3.792912 18.222120 -1.720913 0.545376 0.688978 1.630364 -0.028094
Obj 15.524254 12.958025 -0.862239 2.438257 1.667580 1.245803 2.326468
Obj 9.499648 -9.224026 -0.669618 4.061505 1.589081 1.403677 1.304348
Obj 22.478786 16.331636 -1.186219 3.319575 1.591877 1.345824 -2.876595
Obj 0.887686 18.140099 -1.537473 3.681512 1.513510 1.444064 1.743352
Obj 17.521957 2.068192 -0.952992 4.072646 1.650422 1.440165 1.293531
Obj 20.992678 19.397825 -1.073804 3.766681 1.824686 1.523886 -2.972372
Obj 19.069479 0.946504 -0.014166 4.404160 2.040954 1.903238 -0.108740
Obj 14.355556 -4.425659 -0.659372 0.851617 0.554306 1.895069 -1.796894
Obj 12.007483 -6.745671 -0.781502 0.611704 0.536700 1.517385 2.608779
Obj 39.487709 -12.636905 0.213361 4.251530 1.675837 1.538758 -3.064258
Obj 5.414591 5.971584 -0.654762 1.208586 0.975647 1.953183 1.358123
Obj 12.870866 8.888238 -0.594961 0.972584 0.597503 1.695509 2.885140
Obj 6.591654 -8.998436 -0.174161 2.740837 1.504051 1.333519 3.092256
Obj 10.008213 -10.660784 -0.555077 3.666431 1.343420 1.453198 2.570632
Obj 21.487791 21.999001 0.045476 0.797733 0.469804 1.614947 0.059487
Obj 18.889954 -5.635432 0.270674 3.624253 1.686382 1.461091 -1.485593
Obj 8.283697 11.564397 -0.799320 0.691874 0.668736 1.657737 -1.980958
Obj 13.689915 8.375236 -0.630811 0.736333 0.498039 1.676156 2.474320
Obj 4.860602 -7.912950 0.345169 4.504015 2.592446 1.959730 2.827020
Obj 27.949255 23.199062 -0.348967 3.663022 1.712762 1.358683 -3.146433
Obj 1.068878 16.330877 -0.876925 3.312332 1.330994 1.380208 -2.521105
Obj 9.552985 11.456209 -0.714455 3.308512 1.572661 1.478743 0.363856
Obj 8.464074 -5.943277 -0.849703 3.750291 1.324858 1.377312 0.099589
Obj 2.898961 13.652572 -0.591075 0.745878 0.557711 1.631094 -1.668931
Obj 23.468369 22.089170 0.577058 3.570043 1.737648 1.477359 -2.763158
Obj 12.575586 -5.426510 -0.857724 3.298383 1.292623 1.359839 -0.327366
Obj 4.822024 -7.619895 -1.322437 3.091477 1.850595 1.394088 -1.045444
Obj 0.395882 16.199457 -0.836037 0.584671 0.500406 1.520946 1.772224
Obj 2.127951 -8.313356 0.238023 4.304896 2.060756 1.799303 -2.063654
Obj 11.397830 3.510916 -0.691956 3.456969 1.244271 1.375088 1.716492
Obj 11.154718 5.015920 -0.817570 3.059692 0.959587 1.278076 -0.190466
Obj 13.610247 9.161449 -0.475879 0.958319 0.357335 1.531303 0.151959
Obj 4.795508 18.308380 -0.727779 3.696344 1.685791 1.398792 1.602667
Obj 10.856363 -2.862763 -0.750219 3.911723 1.575231 1.397249 0.849843
Obj 16.512659 3.669484 -0.769453 3.443434 1.913035 1.600743 -1.345989
Obj 15.560517 1.294708 -0.095876 3.675997 1.877992 1.410164 -0.518833
Obj 1.561620 -5.391895 -1.641082 2.945912 1.842080 1.429596 -0.676752
Obj 13.678464 8.959236 -0.361762 1.415526 0.551945 1.774317 -0.305180
Obj 7.862582 28.515432 0.229652 3.433602 1.830138 1.320982 2.977667
Obj 21.135822 22.252220 0.144128 1.391361 0.532474 1.753040 0.121586
Obj 1.700483 10.180303 -0.516414 2.462632 1.400636 1.426582 -2.468170
Obj 13.034950 -10.530416 -0.130709 0.715805 0.587921 1.897371 2.109345
Obj 0.533631 14.362623 -0.920651 1.569886 0.421096 1.482321 0.996096
Obj 10.413889 -4.242690 -0.726823 1.766817 0.846962 1.542964 -0.435054
Obj 4.873560 -7.563540 -1.043396 3.518327 1.302758 1.493308 -1.475249
Obj 12.990602 -4.504108 -0.761948 0.646780 0.630231 1.769512 2.958587
Obj 11.601687 -5.393404 -0.708435 1.473268 0.563662 1.556318 -1.403139
Obj 14.043686 8.330808 -0.268331 1.235587 0.496247 1.612291 0.609324
Obj 9.459739 -1.403917 -0.726852 1.033613 0.707737 1.743463 -1.982412
Obj 5.438851 -7.436974 -0.175621 3.452924 1.819343 1.697357 0.066797
Obj 12.816268 -3.426664 -0.611902 0.799552 0.644226 1.557517 3.047889
Obj 12.733264 -10.480368 -0.207288 0.894051 0.551399 1.992002 1.826685
Obj 18.878407 20.148893 -0.598407 3.345724 1.510268 1.432432 2.574684
Obj 3.667400 -5.428887 -1.420155 1.887732 0.662816 1.718813 -0.154937
Obj 1.370689 13.252357 -0.578087 0.731666 0.512533 1.573088 3.301652
Obj 4.757106 -4.768435 -1.373107 0.526807 0.698325 1.838901 -0.550104
Obj 17.088219 13.660917 -0.122123 3.028153 2.744147 1.689353 1.678659
Obj 9.592812 3.616966 -0.721721 3.552725 1.473043 1.439802 -0.295660
Obj 14.992385 15.764306 -0.654034 2.748476 1.155643 1.397465 1.968318
Obj 13.952969 6.882088 -1.156689 0.847723 0.358805 1.460410 -0.061687
Obj 17.214249 3.044369 -0.876474 3.465614 1.960135 1.400907 -0.276428
Obj 2.509402 14.346766 -0.777629 3.328601 1.397242 1.349936 2.993192
Obj 6.084238 13.655540 -0.754718 1.140647 0.371766 1.529495 -0.137595
Obj 14.413488 9.454678 -0.822996 3.179433 1.188671 1.445056 0.049473
Obj 11.826560 -6.409060 -0.813197 0.572655 0.609810 1.576597 0.262093
Obj 13.751077 0.055939 -1.909483 0.601928 0.628367 1.677062 -2.857534
Obj 13.667839 3.524514 -1.092619 3.160691 1.314515 1.278824 -1.293304
Obj 3.162654 5.398488 -1.475194 0.984271 0.685852 1.626591 2.693654
Obj 12.594574 27.426821 -0.761817 3.568877 1.678968 1.292493 2.890068
Obj 8.874303 -9.075023 -0.892871 3.754745 1.682864 1.474710 1.065323
Obj 16.167599 0.032331 -0.843535 3.558640 1.496161 1.365988 -2.771839
Obj 11.368560 -4.242171 -0.871953 3.006911 1.299695 1.258036 -0.091735
Obj 3.486079 14.307360 -0.768687 0.507243 0.606713 1.512588 -1.517156
Obj 19.413794 22.174212 -0.010698 0.971972 0.711273 1.867844 -3.042685
Obj 6.194763 13.641035 -0.707821 0.486046 0.508578 1.457136 1.687318
Obj 11.881982 -6.024964 -0.717593 0.746251 0.521204 1.656413 0.178146
Obj 11.879519 -4.383496 -0.629312 1.465517 0.767967 1.679397 0.512193
