Obj 13.501497 -0.969852 -0.969416 3.907241 1.654894 1.615052 3.110526
Obj 1.591931 2.500108 -0.998856 4.083776 1.626112 1.444620 3.134768
Obj 1.401710 2.559215 -1.149779 4.100918 1.682218 1.604569 -3.164373
Obj 13.565332 -0.888170 -0.893460 3.903902 1.636875 1.569117 3.126105
Obj 5.462818 -12.496449 0.027930 3.935066 1.637254 1.511478 1.579079
Obj 1.360786 2.275198 -1.046676 3.792574 1.765167 1.524513 -2.931334
Obj 1.610912 1.843566 -1.023564 3.978830 1.456078 1.503230 3.119016
Obj 11.734255 -9.891306 0.095537 0.728958 0.547001 1.738370 0.006958
Obj 1.834716 2.709845 -1.081041 4.053814 1.617390 1.466488 3.028487
Obj -0.276178 -6.562675 -0.829373 3.229624 1.433474 1.327041 -1.286707
Obj 0.267233 -11.285663 -0.273653 0.643000 0.504514 1.601511 1.507617
Obj 11.764221 -9.857487 0.093836 1.668401 0.467727 1.734735 -0.098328
Obj -0.051157 -7.675787 -0.548693 3.431376 1.661404 1.509528 -1.281995
Obj 3.344030 -14.079707 0.328688 0.530781 0.498250 1.614451 1.565142
Obj 9.811476 -0.619219 -4.806093 3.672939 1.456920 1.369671 3.012041
Obj 1.865811 6.961397 -2.024069 3.176684 1.623685 1.371684 0.637001
Obj 0.374519 -0.491012 -0.921516 3.389027 1.582480 1.515905 -0.217889
Obj 43.748684 -5.385973 -1.279024 0.905823 0.643910 1.906363 3.180740
Obj 5.980805 -8.412593 -0.316297 2.912930 1.452973 1.216932 -1.599428
Obj 6.343488 -4.402874 -0.929348 3.660035 1.447684 1.193218 0.348697
Obj 6.072338 -7.963384 -0.318983 3.548258 1.630912 1.311346 -2.120050
Obj 5.473798 -13.668608 -0.015409 3.804530 1.607384 1.480104 1.652955
Obj 11.866409 -9.800786 0.189618 0.686751 0.653377 1.720907 0.079847
Obj 11.812045 -9.484363 0.177317 0.668511 0.574214 1.658736 -0.254383
Obj 0.458531 6.190862 -1.085486 0.634977 0.632362 1.610136 1.560615
Obj 2.125067 -3.020059 -0.805875 2.952765 1.209791 1.520543 -0.353852
Obj 0.798674 -6.367469 -0.860916 2.955829 1.222625 1.288095 -1.738549
Obj 3.302007 -14.213626 0.189962 0.548321 0.550301 1.692072 1.500101
Obj 0.916096 -4.397974 -0.386853 3.436781 1.623960 1.631636 -1.153432
Obj 5.940160 -3.756391 -0.950842 3.797978 1.609107 1.471538 0.195027
Obj 3.041585 -14.213536 0.093851 0.647803 0.551005 1.798438 2.215079
Obj 43.028175 5.125695 -3.174573 3.979433 1.655067 1.507352 2.924971
Obj 0.401148 -2.864558 -0.629205 0.394586 0.367524 1.595914 0.434804
Obj 5.728868 -7.329039 -0.219485 2.891938 1.613913 1.321305 -1.874539
Obj 0.188662 -11.424528 -0.250664 0.492777 0.627039 1.690189 3.373621
Obj 0.180726 -1.654827 -1.190715 3.236177 1.873922 1.448462 -0.134539
Obj 6.486147 -5.732980 -0.048788 3.985553 1.618766 1.515925 -0.953803
Obj 1.017999 -9.631381 -0.730459 2.874958 1.379369 1.230716 1.658041
Obj 0.800098 5.954324 -1.242615 0.783933 0.538967 1.723457 0.925654
Obj 6.068459 -8.363103 -0.190054 3.860008 1.473828 1.347285 -0.189520
Obj 5.669756 -8.023440 -0.245370 2.914802 1.443614 1.318537 -1.287272
Obj 5.927811 -5.494865 -0.644503 3.045107 1.602098 1.374450 -0.816988
Obj 0.300832 6.226955 -1.100626 0.729777 0.661697 1.701624 1.521123
Obj 5.521091 -7.925045 -0.077995 1.398775 0.574902 1.699711 2.531799
Obj 7.673299 -7.519254 -0.415025 3.212703 1.380610 1.398992 -1.146674
Obj 6.180740 -6.758503 -0.147439 2.961307 1.690683 1.345696 -0.931580
Obj 19.889883 -3.416682 -1.426605 0.744169 0.501473 1.723570 -1.752631
Obj 7.863173 -5.096511 -0.771405 0.707483 0.675460 1.703801 0.087375
Obj 5.840870 -9.632780 0.248009 1.176033 0.402868 1.645394 0.356177
Obj 9.620088 -8.067296 0.138796 3.577388 1.695976 1.495353 -1.691150
Obj 5.627656 -9.650689 0.306295 1.531878 0.688585 1.809891 1.553803
Obj 13.553871 -1.321004 -0.870651 3.855966 1.669844 1.660447 2.834093
Obj 6.163322 -6.483939 -0.673047 3.124298 1.463655 1.372026 0.073799
Obj 8.654552 -3.344540 -0.652391 1.379874 0.712365 1.739647 2.443945
Obj 5.591719 -8.205299 -0.079798 0.783722 0.596660 1.899796 2.861434
Obj 8.218452 -3.324699 -0.697353 1.508658 0.603211 1.721865 3.110337
Obj 0.919608 5.890223 -1.279721 0.622734 0.553346 1.515625 1.252502
Obj 1.251463 -3.906419 -0.866512 3.353887 1.402031 1.426223 -0.357547
Obj 0.102888 -16.419266 0.306209 0.558679 0.515518 1.647132 0.059784
Obj 23.611416 5.173817 -0.915348 0.505178 0.591979 1.593032 0.135801
Obj 0.601624 6.132440 -0.982124 0.769426 0.519174 1.661301 1.332499
Obj 5.155398 -3.655325 -0.896282 3.870840 1.342389 1.353987 -1.169469
Obj 6.365927 -6.362231 -0.294715 3.031377 1.259659 1.325517 1.579416
Obj 0.561953 -2.863591 -0.809872 0.462142 0.406584 1.581437 0.469026
Obj 1.947230 -3.344859 -0.588501 1.541513 0.761819 1.901212 0.285155
Obj 6.942603 5.875445 -0.326559 0.538398 0.559255 1.568593 0.833027
Obj 2.967759 2.339991 -0.962983 2.464441 1.768412 1.387119 -2.701664
Obj 6.574183 -5.936619 -0.447659 3.439400 1.475633 1.337745 0.168101
Obj 24.105164 -3.455711 -1.150702 0.805200 0.549629 1.706428 0.213135
Obj 5.621931 -7.023569 -0.075983 3.571995 1.807730 1.508460 2.164410
Obj 13.319612 -9.171814 0.087196 4.020684 1.581918 1.550614 0.166994
Obj 25.452757 4.995745 -0.405080 0.697950 0.591511 1.968481 0.788055
Obj 5.521193 -6.902843 -0.430482 3.147528 1.199422 1.254116 1.439374
Obj 1.300615 -3.202679 -0.812949 2.026691 1.323890 1.421494 0.226663
Obj 8.153242 -6.832598 0.144827 3.255519 1.798761 1.496553 -1.111777
Obj 0.177627 5.363400 -2.250283 3.623557 1.464854 1.444345 3.035993
Obj 12.930524 -8.985911 0.044793 3.510545 1.506821 1.522773 1.339011
Obj 5.527717 -7.950589 0.053834 1.470585 0.745766 1.710952 -0.784214
Obj 24.184320 -3.433857 -1.032263 0.704292 0.655347 1.620157 2.237212
Obj 1.045128 -0.362989 -1.085638 3.829764 1.604733 1.505907 -0.119712
Obj 3.130755 -3.078562 -0.751999 0.328012 0.601690 1.706578 0.134948
Obj 4.826134 -9.499655 -0.202273 0.494808 0.519978 1.451906 -1.517292
Obj 13.486807 -2.115710 -0.885402 4.221989 1.863260 1.741170 3.016774
Obj 3.031323 7.033387 -1.254812 3.748186 2.098943 1.416683 -3.045114
Obj 2.371958 -3.754788 -0.674887 4.005676 1.354353 1.750254 -0.073013
Obj 4.962437 -6.847664 -0.239931 0.578852 0.494299 1.519513 2.232368
Obj 24.963457 0.266540 -1.854630 3.359024 1.975152 1.435037 2.892234
Obj 0.520887 -4.543392 -0.374124 3.332073 1.751031 1.664083 -0.112604
Obj 3.000831 -2.910968 -0.682241 0.594505 0.587944 1.708977 2.119862
Obj 0.477715 6.322991 -2.070368 2.518422 1.088705 1.341797 -0.535249
Obj 6.005204 -4.962729 -0.592658 3.477927 1.605462 1.382995 -0.212319
Obj 2.000163 -3.100896 -0.657861 1.623701 0.479004 1.856506 0.131761
Obj 1.872322 6.607015 -1.762336 3.337914 1.644428 1.463160 3.108117
Obj 5.722577 -4.059677 -0.899100 4.006478 1.469192 1.406175 -0.524939
Obj 62.818390 7.744974 -2.007546 3.552602 1.762964 1.787574 -0.535035
Obj 5.190613 -3.688597 -0.810480 3.969172 1.666754 1.415803 -2.213515
Obj 24.376106 -3.332578 -0.931988 0.690306 0.550023 1.668964 -0.436681
Obj 0.428231 -5.259752 -0.600782 3.135037 2.432495 1.722132 -0.032068
Obj 0.849336 6.695954 -2.016397 2.419950 1.545713 1.219359 0.288314
Obj 5.380726 -3.179588 -0.587391 3.930892 1.553755 1.678776 -0.334940
Obj 0.624206 6.106759 -2.072683 1.463569 0.555351 1.841715 2.485941
Obj 46.390842 -4.352686 -0.074766 1.499367 0.539753 1.482994 1.817560
Obj 21.226482 -3.567257 -0.857953 0.597503 0.691935 1.742586 0.193415
Obj 24.288458 -3.324764 -1.014810 1.923354 0.522812 1.609340 2.224220
Obj 5.368900 -14.357852 0.086676 2.058346 1.343188 1.385179 1.559808
Obj 6.097652 -9.629756 -0.126276 0.520370 0.632104 1.684686 0.921374
Obj 4.979043 -5.666214 -0.550389 0.565816 0.502493 1.647501 2.813985
Obj 10.456894 -6.082567 -0.121009 3.541412 1.558158 1.450245 -2.665794
Obj 5.776036 -4.360247 -0.908620 3.330507 1.423089 1.364947 -0.518003
Obj 4.830195 -4.868852 -0.482078 0.595604 0.492261 1.581901 2.772876
Obj 4.548582 -9.733655 0.027472 0.569736 0.623612 1.516522 -1.754764
Obj 6.463693 -7.398280 -0.344385 3.795630 1.423797 1.408838 -1.885135
Obj 13.574769 0.185604 -0.990905 3.997440 1.729308 1.529212 2.988960
Obj 4.582241 -3.025046 -1.092646 0.549746 0.561795 1.590589 -0.328810
Obj 0.414346 -3.099333 -0.869753 0.372213 0.528937 1.423628 0.300028
Obj 2.244888 7.030431 -1.102292 3.941119 2.063704 1.437614 3.145056
Obj 0.535211 -2.684569 -1.014510 0.596106 0.580300 1.654353 0.703848
Obj 45.511333 -3.598562 0.677778 4.700521 2.496807 2.256705 0.028879
Obj 33.914925 4.699886 -2.015235 3.898541 1.581155 1.485343 3.202463
Obj 0.867617 5.745695 -1.039428 1.372572 0.561204 1.508016 1.919219
Obj 1.776274 7.100645 -1.725247 3.093963 1.657333 1.388971 1.389072
Obj 1.053134 5.852725 -1.251582 0.594353 0.610046 1.515008 1.416215
Obj 20.938704 5.315706 -0.410457 0.749151 0.644544 1.920700 -1.585396
Obj 19.625242 -2.844430 -1.069534 1.645273 0.595793 1.792645 -0.191734
Obj 24.268824 -3.534827 -1.239037 1.725897 0.426417 1.671866 0.441476
Obj 1.883322 -3.022426 -0.915228 0.710803 0.483348 1.570553 0.177550
Obj 1.770191 -4.486128 -0.720947 3.219236 1.324049 1.587513 -0.365053
Obj 0.155778 6.282062 -1.219596 0.646582 0.519139 1.707434 -1.840649
Obj 5.010258 -15.341238 0.032573 0.434534 0.647784 1.760135 1.123662
Obj 5.531785 -8.217436 -0.196938 0.749938 0.538483 1.885344 2.826568
Obj 4.875881 -15.103379 0.417856 0.494977 0.531915 1.526566 0.950920
Obj 5.023088 -6.440015 -0.656327 0.588375 0.542737 1.522445 -0.151328
Obj 42.435837 7.171033 0.876947 2.961700 1.764090 1.344578 3.229661
Obj 0.030950 -15.754601 -0.059837 0.646265 0.486955 1.557539 0.898110
Obj 4.647076 -9.519865 -0.123100 0.507740 0.473843 1.408466 -1.666776
Obj 2.370028 7.156532 -1.307437 3.681634 1.484130 1.207691 2.129502
Obj 6.025604 -2.410739 -0.808124 3.935558 1.770671 1.587625 0.113302
Obj 7.194187 -6.628074 -0.242670 1.214566 0.630679 1.548736 -0.386768
Obj 12.134049 -6.772412 -0.259574 3.549525 1.401720 1.441827 -1.818831
Obj 5.518031 -8.810663 -0.217295 2.860394 1.200566 1.300425 -1.230732
Obj 2.837164 -3.015079 -0.684070 0.492726 0.791111 1.801018 0.074238
Obj 11.640447 5.506107 -0.811444 4.377312 3.092439 1.979322 0.206882
Obj 25.047785 5.158216 -0.648056 0.701127 0.518703 1.836023 -1.509015
Obj 5.172289 -6.642281 -0.683368 1.376842 0.483106 1.565731 1.107441
Obj 34.048965 1.601186 -1.776208 3.833473 1.620324 1.455913 3.153700
Obj 5.167344 -6.890356 -0.318398 1.283437 0.454283 1.441851 -1.748180
Obj 0.180496 -10.443010 -0.340681 0.806810 0.684886 1.661506 -2.052937
Obj 8.486010 -8.857275 0.084087 3.280552 1.238299 1.324020 -1.321423
Obj 0.357865 -11.276377 -0.203150 0.606626 0.523199 1.803349 1.542455
Obj 15.571972 5.353097 -0.857687 0.700683 0.730560 1.637920 2.109472
Obj 8.482705 -8.997048 0.050068 4.274031 1.563944 1.455622 -0.247277
Obj 9.556432 -8.353823 -0.781949 3.492971 1.644705 1.446047 -0.165568
Obj 7.947487 -3.397114 -0.678110 1.266065 0.624308 1.531134 2.801746
Obj 4.456358 -3.258781 -0.802784 0.877897 0.706458 1.484339 2.584247
Obj 17.391817 5.431193 -0.387185 0.738642 0.587418 1.739465 -1.545214
Obj 23.341507 5.327879 -0.419104 0.861302 0.641874 1.999721 -1.364330
Obj 0.273955 6.040774 -1.982094 0.573477 0.566402 1.504402 -0.821080
Obj 23.167791 5.198131 -0.217249 0.885344 0.725070 2.006933 -0.702815
Obj 45.616726 -0.770130 -2.213632 3.619792 1.501202 1.319198 -3.138930
Obj 18.292500 5.347656 -1.009578 0.708562 0.422377 1.627435 -1.762502
Obj 18.291618 5.347707 -0.027597 0.819093 0.635375 2.035845 -2.217135
Obj 4.263170 -9.896390 -0.091806 0.524103 0.447092 1.529932 -2.319380
Obj 8.091924 -4.276390 -0.797865 3.594379 1.888240 1.398588 0.122028
Obj 0.898971 -5.148179 -1.049495 3.560674 1.222272 1.392096 -1.312108
Obj 4.414177 5.871944 -0.529353 0.483846 0.500384 1.406115 0.035499
Obj 3.267279 6.727316 -1.123203 3.256380 1.753099 1.255542 1.152504
Obj 3.991270 -15.579670 0.292822 0.574274 0.443843 1.492725 -1.352158
Obj 1.288480 5.310814 -2.133125 3.507507 1.535117 1.398733 2.951409
Obj 29.974644 4.526113 -1.736753 0.493934 0.553572 1.488826 -1.158244
Obj 4.272131 6.798566 -0.919920 4.373140 2.004235 1.421865 3.102184
Obj 5.627529 -9.631651 0.245270 0.575415 0.710971 1.688601 1.761917
Obj 26.491522 5.033010 -0.546387 0.602935 0.760125 1.818959 -0.377694
Obj 62.404419 5.751748 1.315032 2.571740 1.708927 1.630248 0.061308
Obj 6.474665 -3.105669 -0.742239 3.190300 2.095047 1.534312 0.043691
Obj 35.413929 1.819834 -1.978914 3.673745 1.648751 1.334603 3.357506
Obj 3.625010 6.818662 -1.114084 2.934095 1.554632 1.196424 3.026400
Obj 3.303989 5.667569 -1.543300 3.007525 1.764080 1.447882 3.140739
Obj 5.043415 -5.520287 -0.585467 0.515030 0.452465 1.453264 1.006613
Obj 11.756456 -5.607402 -0.236658 4.132674 1.571112 1.590047 -2.070313
Obj 10.421629 -8.048552 0.219071 3.659901 2.027650 1.458435 -1.629288
Obj 25.767061 3.812921 -1.418586 3.162129 1.475620 1.259057 -0.148774
Obj 17.053658 -3.333173 -0.531257 0.655657 0.902734 1.726833 3.502435
Obj 46.129745 -4.459425 -0.235661 0.683160 0.440241 1.610979 2.190862
Obj 25.224283 -3.770423 0.629219 0.852143 0.749620 2.030849 -0.039933
Obj 9.139472 5.517160 -0.859643 0.567073 0.552571 1.548131 1.835537
Obj 6.968234 -3.954788 -0.693659 3.599735 1.785114 1.476270 -0.137005
Obj 12.451359 0.715192 -0.923456 3.700743 1.821311 1.572584 2.997893
Obj 29.749258 4.592746 -1.456305 0.569935 0.548685 1.617909 -1.438791
Obj 5.438346 -12.911405 0.250758 3.261020 1.395173 1.380198 1.556711
Obj 46.018574 -4.664904 0.771543 4.542288 2.164717 2.208351 0.234708
Obj 22.272629 5.147508 -1.221794 0.784305 0.558081 1.688561 -1.028036
Obj 12.547396 -6.542905 -0.054747 3.193500 1.522061 1.589361 3.004261
Obj 4.991208 -9.632774 -0.029002 0.598927 0.637171 1.638468 1.561101
Obj 0.256598 -11.028948 -0.314372 0.759840 0.564527 1.549565 1.996558
Obj 12.299903 5.634046 -0.669218 0.661755 1.096433 1.863709 -0.145387
Obj 10.373550 -3.249867 -0.369720 1.184765 0.509531 1.745447 0.685637
Obj 28.926554 4.834394 -1.833483 0.604302 0.548548 1.624857 3.099993
Obj 10.364977 -5.432330 -0.378522 3.899555 1.561542 1.481464 -2.415789
Obj 2.253984 -3.018899 -0.904776 0.596255 0.468533 1.557891 0.250703
Obj 24.897379 5.092417 -0.894278 1.475000 0.596318 1.886540 -0.223957
Obj 0.581749 7.291334 -1.752839 3.164866 1.869074 1.347505 -1.024581
Obj 5.909449 -9.642279 0.003078 0.514078 0.690151 1.755704 1.887015
Obj 9.911804 5.625137 -1.046801 0.566710 0.802942 1.530664 -0.283592
Obj 22.580391 0.231568 -1.574152 2.986509 1.674049 1.375570 -3.003292
Obj 31.776960 1.560075 -1.961309 3.410396 1.690898 1.394370 -3.242795
Obj 17.697048 -3.425757 -0.550920 0.792885 0.945603 1.861135 -0.074403
Obj 4.164397 -3.880449 -0.861561 0.627542 0.438489 1.379321 -0.322685
Obj 5.840438 9.192867 -0.006980 2.474276 1.643644 1.351808 3.090330
Obj 4.883271 -5.535323 -0.616215 0.454435 0.475435 1.597065 2.618802
Obj 0.761992 -5.174944 -0.547229 0.630435 0.618784 1.690236 0.148931
Obj 0.755598 7.120681 -1.890278 2.698719 1.313642 1.217294 -1.298491
Obj 18.319458 -3.418914 -0.735864 0.492853 0.722193 1.735064 -1.478827
Obj 2.668727 -5.390983 -0.570025 3.652107 1.157361 1.443251 -0.271790
Obj 27.514334 0.611413 -1.560093 4.157266 1.639783 1.374078 3.132643
Obj 4.380919 -3.625025 -0.694006 0.864266 0.684619 1.666439 3.204249
Obj 5.447773 -2.853963 -0.717173 0.576607 0.574585 1.700577 -0.246542
Obj -0.095047 -1.746589 -0.474479 1.208230 0.598243 1.654115 -0.885992
Obj 16.132444 5.602435 -0.270901 3.862159 2.247029 1.887303 -0.015438
Obj 1.031004 -10.968341 -0.719472 0.540117 0.847563 1.613750 1.585603
Obj 4.762844 -12.165874 0.337362 1.290485 0.756689 1.497949 1.350166
Obj -0.065827 -15.654837 0.014398 1.598727 0.735481 1.659989 1.255764
Obj 24.073803 -3.627700 -0.970033 0.870043 0.462465 1.590820 0.190869
Obj 5.082112 -7.070232 -0.284061 1.560714 0.499390 1.524523 2.070690
Obj 6.769087 -3.479856 -0.483038 1.396572 0.506469 1.771976 0.093803
Obj 10.797471 -5.686545 -0.266574 2.930001 1.423805 1.449162 -1.726217
Obj 23.957886 -3.658713 -0.982326 1.528137 0.462817 1.586372 0.082114
Obj 37.738693 2.660378 -2.182824 3.721941 1.663266 1.404965 3.156172
Obj 33.993507 3.281260 -1.937343 3.677593 1.586860 1.315372 3.282873
Obj 53.897610 -3.304532 -0.345264 3.440641 1.569830 1.435339 -3.228847
Obj 25.657076 0.923351 -1.525358 3.526508 1.435013 1.326568 3.136674
Obj 60.762779 8.204895 -2.498431 3.038276 1.248982 1.568779 3.178882
Obj 2.651514 6.864436 -1.230401 3.365179 1.557805 1.143576 1.481247
Obj 58.550629 6.899956 -2.887359 3.622633 1.448431 1.395444 2.094396
Obj 15.613894 -3.359726 -0.806045 0.754898 1.206753 1.598422 -2.709931
Obj 2.429142 -3.052952 -0.986995 0.798146 0.499719 1.594133 1.493932
Obj 9.264743 -9.026183 0.080209 3.714275 1.470803 1.373807 -1.096480
Obj 5.024019 -8.722781 -0.103391 1.482948 0.548227 1.547809 -1.788934
Obj 8.924251 -3.354622 -0.945593 1.159885 0.527822 1.673339 2.717173
Obj 4.154979 -12.328446 0.093334 3.105127 1.179645 1.453970 1.495095
Obj 34.092453 0.667020 -1.933063 3.085076 1.715729 1.327436 -2.938086
Obj 9.834855 5.660061 -0.948103 1.420951 0.670348 1.801537 2.426156
Obj 29.643471 -3.972001 -0.040664 0.552260 0.489631 1.889019 2.781280
Obj 2.776238 -2.849158 -0.637538 0.581371 0.848681 1.769080 0.173261
Obj 4.470427 -4.784558 -0.999664 0.544767 0.480615 1.295534 3.392904
Obj 5.151786 -6.878990 -0.375533 1.329895 0.507600 1.514946 1.875322
Obj 3.123464 -3.003515 -0.864076 0.585982 0.464208 1.464126 -0.421347
Obj 6.370438 -6.577640 -0.206299 3.059622 1.472138 1.383190 1.132578
Obj 19.708410 5.395397 -0.273318 0.905570 0.894358 2.033247 -0.655670
Obj 45.240345 5.329552 -2.162258 3.756812 1.524271 1.438403 3.003400
Obj 10.196789 6.555543 -0.916908 3.670629 1.786989 1.252515 -3.034062
Obj 53.328972 6.980813 -0.473231 3.266278 1.477780 1.418926 -0.147049
Obj 4.682822 -3.574460 -0.874994 0.700024 0.487911 1.431739 0.087328
Obj 6.663975 -3.444948 -0.416761 0.616645 0.516545 1.732030 -0.084214
Obj 19.978271 5.231694 -1.284636 1.067534 0.634245 1.607514 -0.436905
Obj 7.021268 -2.306764 -0.710967 3.501148 1.693739 1.491373 -0.144057
Obj 5.284092 -9.702757 0.154324 0.395723 0.654539 1.532859 0.835358
Obj 12.076945 -3.434978 -0.605643 0.681021 0.631867 1.694019 2.378028
Obj 17.041937 5.392250 -0.278487 0.891412 0.775428 1.889665 -0.766340
Obj 5.694889 -9.713291 0.215478 1.154133 0.496080 1.598053 1.581800
Obj 4.929983 -8.862696 -0.100199 2.920413 1.254491 1.333173 -0.473854
Obj 10.563089 -7.281334 -0.403211 3.206086 1.754801 1.399949 -0.709252
Obj 5.069032 -6.824948 -0.122440 0.717399 0.481387 1.533844 1.825228
Obj 4.815127 6.034446 -0.594474 1.202849 0.601215 1.510619 -0.180753
Obj 30.603561 0.693945 -1.571870 3.531051 1.417524 1.369182 1.890981
Obj 5.392316 -9.631792 -0.024097 0.486806 0.694158 1.591039 1.566038
Obj 3.937656 -14.855952 0.623576 0.640970 0.565373 1.604173 1.348201
Obj 4.810509 -8.884538 -0.122928 0.660099 0.533721 1.515579 -1.905866
Obj 8.121699 5.754791 -0.470901 0.663641 0.683474 1.637254 -0.291815
Obj 7.593901 -3.846943 -0.901391 3.546356 1.436388 1.488116 1.241175
Obj 4.508364 -3.319359 -0.787996 0.802477 0.611981 1.538266 1.721259
Obj 18.764189 -2.856264 -0.491301 4.126431 1.987026 1.735447 -0.222699
Obj 29.131090 0.364518 -1.756420 3.484264 1.689258 1.401311 2.747286
Obj 29.795174 0.318635 -1.677578 3.687950 1.499102 1.471492 2.478197
Obj 4.056409 1.454908 -1.004852 0.849169 0.591831 1.498830 2.976382
Obj 9.860181 5.201738 -0.814587 2.730646 1.963538 1.309411 0.212312
Obj 22.904552 5.139203 -1.328808 0.573944 0.710828 1.740027 0.196672
Obj 1.660401 -3.098629 -0.989865 0.662463 0.483129 1.589502 -0.082561
Obj 0.725040 -8.647941 -0.671321 3.370173 1.458575 1.557112 -2.017725
Obj 5.110373 -6.896691 -0.289250 1.273911 0.450648 1.515696 2.205837
Obj 2.541383 -2.956007 -0.516602 1.007035 0.914570 1.955287 -0.971129
Obj 46.462631 6.565477 -2.140483 0.610348 0.548221 1.628133 -1.728491
Obj 4.533829 -3.493859 -0.858857 0.750583 0.565798 1.606833 2.920666
Obj 9.692966 7.937063 0.146896 2.848998 1.744596 1.453910 1.635718
Obj 22.560707 5.224919 -0.567988 0.764057 1.019409 2.140358 0.112765
Obj 2.762337 -3.157539 -0.608479 0.472464 0.659474 1.754016 -0.661952
Obj 62.538502 7.001195 -0.375020 3.765660 1.961911 1.748494 0.178456
Obj 12.319108 -3.260941 -0.522882 0.911079 0.748321 1.852392 2.592817
Obj 0.176833 -10.990335 -0.198776 0.765205 0.792978 1.545582 -2.424289
Obj 4.441467 -13.485981 0.422534 1.463012 0.716990 1.499902 1.660646
Obj 0.669937 -7.350570 -1.132151 2.737200 1.533374 1.315886 -1.471415
Obj 25.541613 1.761569 -1.502954 4.006131 1.600213 1.391990 2.908790
Obj 8.679798 -4.044664 -0.539809 2.946129 1.586687 1.453263 0.373739
Obj 6.977222 -4.618355 -0.269123 3.416636 1.304112 1.315152 -0.123662
Obj 4.979419 -5.858912 -0.567473 0.475899 0.491422 1.600494 3.287894
Obj 8.115295 -3.280680 -0.506194 1.882947 0.706845 2.032026 2.322873
Obj 12.389913 5.362686 -0.729386 0.872259 0.720136 1.867782 1.907577
Obj 5.031936 -9.150314 -0.239957 2.928635 1.279703 1.241089 1.417335
Obj 4.957622 -13.583174 0.379966 1.178945 0.571487 1.509191 1.294101
Obj 7.148157 -3.357239 -0.751898 1.191253 0.479860 1.486387 -1.030961
Obj 24.014771 5.179856 -0.617966 0.532698 0.736681 1.822497 -0.159463
Obj 9.124413 -8.014001 -0.247964 3.078350 1.307824 1.344140 -1.687855
Obj 6.345148 11.326651 0.347095 3.362317 2.352900 1.528849 0.028804
Obj 5.707858 -5.886992 -0.687976 3.726069 1.514273 1.514794 -0.114359
Obj 4.557140 9.912442 0.007523 3.537832 1.502563 1.401036 3.090889
Obj 2.535663 6.851360 -1.261635 3.301737 1.342661 1.233686 0.144549
Obj 4.638809 -8.954379 -0.119803 0.647326 0.585475 1.462422 -1.814456
Obj 30.013044 -3.980654 -0.924734 0.744480 0.546682 1.862169 -3.083823
Obj 15.348330 0.868788 -1.023781 3.479675 1.768966 1.389383 2.684105
Obj 13.533045 -0.920319 -0.878127 4.150599 1.858030 1.834064 -2.981462
Obj 8.005951 -3.385461 -0.472310 1.789200 0.721935 1.916722 2.296060
Obj 1.151881 -10.612173 -0.556379 2.961400 1.265913 1.289921 1.210825
Obj 9.395432 7.850956 -0.134976 3.774323 1.925518 1.787378 1.921567
Obj 2.255034 -10.551208 0.073562 0.726033 0.534956 1.692093 -0.377933
Obj 7.350526 -3.325234 -0.682902 0.687769 0.554418 1.511341 -1.209128
Obj 14.976820 -3.158961 -0.623368 0.662477 0.976251 1.896243 3.570652
Obj 57.221317 7.282546 -2.503084 3.619507 2.265395 1.659292 -3.051978
Obj 4.821548 -8.213048 -0.284291 3.179067 1.444495 1.341587 1.560534
Obj 30.311163 -3.931608 -0.542249 0.572531 0.493358 1.728963 0.011052
Obj 16.579630 5.678346 -0.361103 3.536931 1.582963 1.682391 -1.705168
Obj 14.513634 -3.420344 -0.790353 3.315626 2.029980 1.548645 3.280251
Obj 7.490213 -3.435557 -0.700589 1.066741 0.524042 1.503906 3.276894
Obj 1.567334 -10.579782 -0.147314 2.909852 1.061472 1.199048 2.130248
Obj 25.585373 2.659449 -1.519455 3.894491 1.435541 1.394010 1.884434
Obj 30.182125 4.863497 -1.038010 0.643362 0.820032 2.015491 -1.400502
Obj 28.456738 4.938040 -0.955124 0.587444 0.670241 1.560108 3.024968
Obj 4.324511 -3.985807 -0.580948 1.765658 0.564722 1.546857 -0.497125
Obj 6.187655 11.639043 0.277508 2.880855 1.888106 1.388562 2.449451
Obj 4.705775 -9.177549 -0.078672 0.699210 0.577024 1.475102 1.725824
Obj 5.805525 -9.691542 -0.127622 1.191615 0.575279 1.734840 1.300347
Obj 5.551049 -9.768585 0.288703 1.212752 0.598347 1.621602 2.272970
Obj 15.436869 5.354146 -1.111423 0.513535 0.530842 1.456215 1.654014
Obj 7.954667 -3.371818 -0.455231 1.617375 0.731741 2.070826 1.820373
Obj 4.454303 -3.772481 -0.665906 0.720591 0.691575 1.833146 -1.821196
Obj 8.201641 -3.112612 -0.677509 3.402937 1.833273 1.578577 3.055633
Obj 18.171719 -3.126081 -0.742740 3.034024 1.539972 1.584128 0.392552
Obj 6.002977 11.407389 0.268623 2.941886 1.661017 1.459250 1.259728
Obj 41.200150 7.148286 1.541401 4.035007 1.531614 1.467160 -3.031693
Obj 5.046773 11.283420 0.309857 3.795655 1.896869 1.582207 1.656001
Obj 3.106102 4.866316 -1.611475 4.248753 2.018688 1.686862 2.686398
Obj 6.757045 -3.370042 -0.420245 0.592091 0.533934 1.648018 -0.590083
Obj 10.910403 -3.553233 -0.864671 0.470636 0.464110 1.387308 -0.046115
Obj 4.052968 -3.438523 -0.787595 0.632877 0.570333 1.553102 2.388055
Obj 34.471088 3.779353 -2.074500 3.023124 1.569647 1.269267 3.253974
Obj 2.092803 -1.995837 -0.700222 4.165757 1.410906 1.729085 -0.871217
Obj 16.778852 -3.357356 -0.696012 0.804279 0.868596 1.774200 2.928886
Obj 8.205957 -3.406772 -0.492006 1.483925 0.587236 1.958159 1.404621
Obj 13.153251 -2.196626 -0.457238 4.049038 1.910986 1.789534 0.910894
Obj 11.007614 -3.390906 -0.371368 0.726354 0.556871 1.827717 1.637256
Obj 1.818224 -9.822662 0.144125 1.513096 0.673171 1.624342 -1.357020
Obj 1.204124 5.856203 -1.119167 0.567745 0.599190 1.407019 1.968344
Obj 23.080786 0.712024 -1.487885 3.149039 1.429028 1.280199 3.051382
Obj 47.108112 -3.919199 0.046111 2.626976 1.876565 1.437430 0.146550
Obj 10.468472 -3.525701 -0.817484 0.935054 0.414878 1.602769 0.272413
Obj 9.094511 5.673019 -0.921968 0.555676 0.750292 1.677029 1.376276
Obj 2.496650 -2.585161 -0.706621 2.319554 1.448369 1.572208 -0.293197
Obj 1.902629 -11.303277 -0.365594 0.937779 0.341100 1.597498 0.717732
Obj 1.939712 -9.895610 0.022819 1.542916 0.572620 1.582807 2.340636
Obj 54.163807 7.134918 2.306260 3.325726 1.939887 1.504517 0.123085
Obj 23.824944 -3.658137 -1.034400 0.745822 0.521905 1.576929 0.079862
Obj 44.787228 4.381366 -2.294329 3.875581 1.740001 1.484285 2.902379
Obj 7.340218 -3.309913 -0.732333 1.292306 0.564201 1.432181 -0.484197
Obj 61.915184 6.716008 -0.090658 2.789255 1.464326 1.583336 0.122576
Obj 1.054902 -10.650390 -0.593080 2.622957 1.411279 1.288706 -1.177829
Obj 5.296285 -6.819374 -0.369528 1.498062 0.560186 1.472576 1.757586
Obj 12.995310 -1.975586 -0.905758 4.186111 1.853202 1.873652 2.257089
Obj 2.896009 -8.540579 -1.251910 3.400789 1.739174 1.528152 -0.095478
Obj 18.042036 -3.422184 -0.705765 0.565410 0.622900 1.669126 -0.991247
Obj 5.710501 -9.599802 0.075732 0.614619 0.496578 1.552049 1.607846
Obj 25.567009 2.580765 -1.527008 4.637053 1.624932 1.417753 2.657440
Obj 22.688652 -3.674239 0.220112 0.623358 0.575250 2.011705 -0.081949
Obj 5.433699 -2.920801 -0.559361 1.430309 0.759115 1.871210 0.182620
Obj 1.180582 -4.142076 -1.089478 3.365486 1.513051 1.477346 -1.003314
Obj 10.766761 5.424978 -0.603628 1.338036 0.747350 1.565352 -2.677282
Obj 6.084115 -5.572021 0.017035 3.380496 1.263228 1.467865 -0.113370
Obj 18.074806 5.262094 -0.462985 1.089096 0.828925 1.996627 -1.239300
Obj 10.419145 5.648417 -1.022268 1.558887 0.412230 1.717360 2.924572
Obj 5.086846 -7.173790 -0.306770 1.374612 0.501856 1.518031 -0.202675
Obj 0.600478 -11.182281 -0.191235 0.731954 0.712442 2.008409 1.540161
Obj 0.988897 -11.258962 -0.444780 0.578827 0.577462 1.658732 -1.727076
Obj 9.001577 5.833451 -0.723196 2.424767 2.102757 1.544921 0.034350
Obj 9.033861 8.275657 -0.094318 2.202378 1.850031 1.328666 1.175307
Obj 8.385844 -4.327277 -0.809315 3.142726 1.843277 1.353904 -0.520801
Obj 8.838470 7.967278 -0.149091 0.581365 0.553187 1.527664 0.621205
Obj 5.017353 -6.848566 -0.096161 1.490307 0.467363 1.528208 1.827685
Obj 4.335740 -3.052716 -0.752807 0.766634 0.669709 1.633819 2.991600
Obj 13.303089 -1.910225 -0.721103 4.008820 2.229702 1.842106 1.571585
Obj 18.715549 5.181579 -1.134933 0.610408 0.870193 1.643255 3.221299
Obj 4.809028 -9.126295 -0.244864 1.179773 0.450330 1.405149 1.719061
Obj 8.062156 -7.833212 0.135933 3.231092 1.603169 1.433116 -0.735920
Obj 2.363381 1.328299 -0.976062 2.968559 1.469695 1.375554 2.799608
Obj 4.065060 -5.327267 -1.442965 2.345750 1.193123 1.214803 0.293016
Obj 9.301026 8.706189 -0.215184 2.637743 2.368092 1.537773 2.045232
Obj 18.679289 -3.918038 -0.485551 3.063896 1.429934 1.317871 -1.126367
Obj 2.056852 -10.435895 -0.073369 1.188411 0.376503 1.357829 1.749970
Obj 25.354361 3.732316 -1.547661 3.111401 1.534726 1.236012 -1.347614
Obj 5.696020 6.124590 0.110584 1.022078 0.635381 1.591290 -2.399971
Obj 1.835819 5.973737 -1.060455 1.375366 0.551459 1.337097 0.770191
Obj 43.596352 7.337061 1.009070 3.241384 1.648324 1.467245 -3.222974
Obj 4.808982 -14.881988 0.434893 0.590634 0.610543 1.570100 1.584324
Obj 4.072404 1.784981 -0.904629 0.960802 0.505610 1.506022 2.980740
Obj 4.771703 -3.415959 -0.646532 0.763899 0.664665 1.962111 1.840384
Obj 28.863657 -3.625108 -1.070905 3.094487 1.761407 1.358647 -3.277616
Obj 45.471050 4.558142 -2.283920 3.797270 1.541112 1.471696 2.770464
Obj 23.200340 -3.409769 -1.032569 1.429269 0.562751 1.725994 0.244941
Obj 9.326493 -3.431242 -0.461224 0.545735 0.565774 1.630383 3.343926
Obj 2.252502 -10.480925 -0.624545 0.568128 0.525596 1.442666 1.740249
Obj 30.381720 4.898461 -0.865502 0.678824 0.533195 1.746494 1.831021
Obj 9.590412 -2.933658 -0.722014 1.589989 0.642048 1.637129 3.106143
Obj 54.967628 -2.332474 -0.198848 1.180362 0.690380 1.554641 -2.446001
Obj 2.768236 -8.862769 -1.010283 3.230324 1.841866 1.461358 -0.651253
Obj 46.547501 -3.374797 0.693760 3.856474 1.609606 1.857585 0.135006
Obj 7.866592 -3.597087 -0.525807 1.124878 0.553029 1.557602 1.535789
Obj 8.148406 -3.353456 -0.457597 1.476267 0.672373 1.835721 1.544593
Obj 2.179531 -10.151994 -0.350730 1.026947 0.399911 1.352546 1.933672
Obj 1.658697 -3.442084 -0.712922 1.561616 0.619261 1.583084 0.109067
Obj 27.154463 4.980440 -1.428977 0.965713 0.627498 1.894510 -0.350517
Obj 0.690116 -10.205859 -0.497955 2.898361 1.377093 1.334514 0.910851
Obj 42.530968 1.932453 -2.240680 3.053418 1.664009 1.297006 3.350275
Obj 50.009777 -3.335554 -0.084515 1.587134 0.709130 1.791345 3.450181
Obj 4.536940 6.245633 -0.586001 2.669791 1.640932 1.378485 -0.368618
Obj 24.541862 -3.676518 -1.340259 1.767208 0.450608 1.609603 0.414587
Obj 0.742978 -11.154233 -0.334777 0.471960 0.418545 1.791701 -0.932776
Obj 48.613628 6.556859 -1.363020 3.719100 1.859305 1.444530 0.433774
Obj 1.132834 -3.076257 -0.775132 0.553527 0.577164 1.649725 -0.800403
Obj 45.832760 5.690513 -2.207205 3.391062 1.541441 1.540823 2.728252
Obj 20.805565 5.290179 -0.715222 0.815226 0.857136 1.973248 -0.198661
Obj 8.096744 -3.210812 -0.324354 0.855274 0.761451 1.927093 0.496439
Obj 16.255568 5.398952 -1.210237 0.573456 0.694640 1.478339 2.143009
Obj 10.186068 -3.213919 -0.922418 3.064049 1.008671 1.538765 1.912558
Obj 18.100840 5.300324 -1.073556 0.592113 0.553979 1.521953 3.950677
Obj 18.435669 -2.545481 -0.629043 4.692450 1.724330 1.600425 -0.234847
Obj 58.461140 7.397959 -2.112633 3.724257 2.126012 1.522245 -2.987134
Obj 2.508784 -2.139932 -0.660079 4.441439 1.803802 1.598877 0.178801
Obj 0.687130 -4.856102 -0.992303 3.360989 1.157879 1.405112 1.020027
Obj 11.007500 5.703321 -0.447414 0.717114 1.014513 1.886301 -2.185420
Obj 12.357596 5.857366 -0.398739 0.779337 0.906773 2.124100 -0.112068
Obj 12.518134 5.465045 -0.688723 3.685539 1.653731 1.515414 -0.629774
Obj 10.966655 5.629918 -0.376678 0.855746 1.041170 2.121862 -0.763662
Obj 18.425896 5.255789 -1.120975 0.516865 0.588920 1.515961 3.471500
Obj 46.145943 -4.472057 -0.133355 3.544775 1.083465 1.235526 1.616859
Obj 58.855549 7.321780 -3.032189 3.362096 1.566808 1.414492 -2.857764
Obj 28.719330 4.520899 -1.539971 0.722147 0.588120 1.708224 -1.541441
Obj 23.421413 5.105237 -1.370405 1.461970 0.604694 2.048015 -0.274852
Obj 5.623462 -7.461506 -0.393632 0.598129 0.595051 1.466476 2.858326
Obj 47.550850 -4.083551 0.000035 0.593865 0.718134 1.504397 3.392754
Obj 20.773018 -3.503324 -0.099339 0.858568 0.874112 1.823413 0.238115
Obj 17.840794 5.351268 -1.231229 0.714781 0.610329 1.726072 -1.510486
Obj 3.182365 -5.495709 -1.724447 1.123982 0.447602 1.280398 0.113080
Obj 44.657215 -5.278521 -0.537378 3.020999 1.780064 1.759963 0.616520
Obj 54.759113 -2.322317 0.436632 0.540444 0.479767 1.541998 3.063991
Obj 19.311987 -3.474135 -0.718428 0.787062 0.677703 1.644815 -1.410248
Obj 2.718593 -3.055189 -0.634125 0.854003 0.588153 1.670352 -0.696165
Obj 9.693433 -3.415743 -0.580125 3.208424 1.900807 1.528629 3.003963
Obj 4.545707 -3.738655 -0.887450 0.713115 0.528995 1.503465 -0.441244
Obj 21.255308 5.253341 -0.364837 0.658681 0.939239 1.889057 0.054125
Obj 13.655213 3.505869 -1.242277 0.654328 0.424257 1.383808 3.065124
Obj 7.831615 -3.956264 -0.711073 3.513168 1.795080 1.484079 -2.185113
Obj 5.570639 -5.818043 -0.578692 3.140614 1.235088 1.309571 1.527553
Obj 2.729734 7.067950 -0.967911 3.493629 1.465673 1.159156 0.969364
Obj 4.392561 -9.912107 -0.002139 0.478244 0.474170 1.528388 -1.586483
Obj 4.447245 -7.049007 -1.280607 0.993706 0.665430 1.433956 3.163280
Obj 1.585841 5.967758 -0.740283 1.497769 0.523357 1.355245 0.647766
Obj 3.954899 6.130046 -0.658686 1.248943 0.567319 1.557806 3.416561
Obj 18.620024 -2.341817 -0.499577 3.627253 1.792497 1.446657 1.627460
Obj 45.359509 5.530376 -2.168171 4.069865 1.875423 1.677544 0.604146
Obj 4.593631 -3.937522 -0.716405 0.632341 0.569007 1.729595 -2.169903
Obj 5.079917 -7.510003 -1.227132 2.687670 1.497223 1.351626 3.002136
Obj 22.775188 -3.592573 0.130110 0.570217 0.700949 2.120614 -0.056645
Obj 4.419485 -12.285569 0.271983 1.287351 0.661339 1.600250 1.811183
Obj 0.172188 -15.141488 -0.094478 0.713297 0.592637 1.640643 2.953450
Obj 3.820881 -5.848772 -1.484205 2.200345 1.207286 1.216709 -0.571959
Obj 58.451683 7.704118 1.357866 0.560993 0.714203 1.749135 -0.401125
Obj 49.799850 -3.655526 -0.503811 0.632468 0.568230 1.522993 3.278725
Obj 12.005544 -3.201059 -0.698730 3.893617 1.455575 1.594611 3.196606
Obj 10.432146 -3.402773 -0.549994 1.270238 0.471231 1.894659 1.007235
Obj 2.865209 -2.625232 -0.610088 0.734926 0.819751 1.781484 -0.101382
Obj 25.273949 3.514551 -1.576729 3.086557 1.619389 1.300904 2.986079
Obj 55.870605 -2.075738 0.542039 0.567985 0.600523 1.677915 2.017742
Obj 2.234053 -5.008775 -1.621655 2.781062 1.410123 1.610020 1.259126
Obj 9.378914 6.529594 -0.875072 2.851232 1.700454 1.349165 0.168815
Obj 1.445407 -11.172623 -0.313229 0.536397 0.637908 1.545295 1.456453
Obj 46.576756 -4.173892 0.035019 0.609151 0.484311 1.495157 -1.929220
Obj 20.023195 5.278139 -0.397151 0.802102 0.812613 2.053041 0.867177
Obj 1.339732 -3.046189 -0.848142 0.549180 0.496249 1.533465 -1.395672
Obj 10.303831 4.502173 -0.698336 3.068706 1.578369 1.421235 -0.194317
Obj 2.692411 -2.152503 -0.819391 3.541484 1.988123 1.709329 -0.439172
Obj 11.394910 5.745967 -0.636238 4.967635 2.007662 1.877110 -0.263574
Obj 4.788310 -15.389231 0.571134 0.598316 0.769914 1.568350 1.266122
Obj 11.670571 -7.404103 -0.362896 3.212198 1.565717 1.442989 0.614758
Obj 9.455594 -3.458235 -0.399640 1.153599 0.557736 1.674166 3.090576
Obj 31.170826 1.631219 -1.822302 3.140595 1.513682 1.281891 1.948879
Obj 10.988079 4.845950 -0.676730 3.610660 1.680331 1.440186 -0.400126
