Obj 46.416214 -4.534266 0.041064 1.807348 0.409238 1.775005 0.154415
Obj 45.933559 -4.812216 -0.035128 1.231931 0.427861 1.693362 0.281545
Obj 46.056465 -4.685210 -0.076812 1.735568 0.382198 1.723374 0.141771
Obj 4.535062 -8.993664 -0.535280 1.672367 0.581765 1.622839 -0.117611
Obj 58.854263 16.944351 -0.962943 3.827872 1.612041 1.454939 0.108272
Obj 19.654249 25.855373 -1.395578 1.783218 0.437218 1.759269 -0.323957
Obj 14.352214 36.990704 -2.376806 3.971337 1.891272 1.481782 3.016566
Obj 1.673315 28.862213 -1.843288 1.667363 0.452189 1.649091 -2.748889
Obj 44.691017 -7.117318 -0.352435 4.044856 1.654280 1.511985 3.108320
Obj 7.999354 -11.666330 0.000206 0.621867 0.532567 1.651198 -2.102232
Obj 0.818331 -9.367893 -0.663356 0.448903 0.613538 1.655641 -2.478553
Obj 46.228981 -4.468238 0.423211 1.705547 0.460274 1.643383 0.132430
Obj 0.772776 -5.365498 -1.873681 3.122100 1.378447 1.210862 3.148788
Obj 3.830382 -12.749351 -1.242306 0.538219 0.582262 1.674510 0.279023
Obj 20.667027 -9.713556 0.057852 0.644558 0.506854 1.786805 2.869259
Obj 39.498619 20.134653 -1.260516 4.117173 1.685718 1.530121 3.090333
Obj 44.152248 -6.533152 -0.934795 3.859604 1.856571 1.802192 2.705398
Obj 0.792100 -4.952231 -1.678974 3.257984 1.504556 1.305170 -2.569989
Obj 26.643906 31.283997 -0.048322 4.004527 1.637036 1.564177 -2.916281
Obj 44.724937 -5.901988 -0.920222 4.142994 1.678895 1.716527 2.985811
Obj 46.246983 -3.826788 -0.422001 4.543278 1.359391 1.519127 3.463973
Obj 20.911480 -9.567243 0.133484 1.525096 0.635203 1.686848 -3.373749
Obj 2.488786 30.521051 -2.720823 0.703622 0.689786 1.799771 -0.672961
Obj 4.253489 -9.067205 -0.403221 1.510854 0.468253 1.668222 0.184647
Obj 42.053196 25.819157 -0.465466 3.590734 1.672299 1.493179 0.059702
Obj 8.204845 -11.745341 -0.023164 0.619562 0.576812 1.588872 -1.604204
Obj 19.433220 -8.462468 -0.510904 0.663695 0.629913 1.711712 -0.003627
Obj 3.399871 -12.416385 -1.120729 0.581090 0.568772 1.701906 -0.131897
Obj 27.193600 9.883451 -1.138002 4.100621 1.671912 1.461763 -3.190895
Obj 8.020041 -12.181329 -0.268044 0.770585 0.709437 1.912811 -2.106504
Obj 19.261421 25.877737 -1.582383 1.656430 0.436095 1.698266 -0.185011
Obj 43.688324 -7.076086 -0.929164 3.907048 1.740512 1.722512 2.803080
Obj 8.554245 -14.331278 -0.426325 0.738275 0.568065 1.653261 -0.663726
Obj 24.687412 17.062119 -1.362811 3.821504 1.514276 1.354426 3.126152
Obj 41.915653 24.116179 -1.014476 3.315575 1.269842 1.387666 -0.073643
Obj 8.573915 -13.524108 -0.083871 0.702152 0.573486 1.863977 -0.491919
Obj 15.045259 26.618652 -1.064351 0.747581 0.601005 1.683710 -2.552860
Obj 21.199009 -9.351732 -0.091905 0.633671 0.678783 1.912868 -0.476591
Obj 15.346030 -7.550012 -0.148026 0.744036 0.576938 1.754110 -0.241898
Obj 46.033813 -5.050676 0.069249 1.382617 0.619565 1.670287 0.279799
Obj 20.309834 25.842831 -1.314477 1.715240 0.484375 1.763670 -0.481789
Obj 0.427849 -4.583291 -1.842532 3.055610 1.321156 1.223817 3.195757
Obj 3.962047 -8.634536 -0.199445 1.552040 0.446887 1.654418 -0.284590
Obj 7.249492 -9.491256 -0.417099 0.539235 0.502742 1.576346 -1.092089
Obj 33.922501 -3.438967 -0.773620 3.292252 1.836017 1.453152 3.052108
Obj 8.747934 -13.583640 -0.268497 0.611723 0.486379 1.675924 -0.455357
Obj 39.650604 19.459797 -1.023837 3.414112 1.668628 1.536741 2.958901
Obj 32.918598 29.969646 -0.594812 3.634245 1.327194 1.363171 2.821140
Obj 7.840852 -11.962892 -0.455635 0.556862 0.519122 1.737727 -1.299982
Obj 35.482254 -2.683043 -0.690750 3.742606 1.516392 1.465917 2.987962
Obj 44.238979 -2.911015 0.095772 3.611583 1.521657 1.335066 2.839205
Obj 15.089949 -7.385375 -0.141648 0.786706 0.522489 1.733475 0.672722
Obj 0.760445 -5.617058 -1.879761 2.971498 1.281188 1.221872 -2.487833
Obj 61.196133 18.658566 -0.996194 3.445502 1.926881 1.418115 3.239266
Obj 24.283533 25.599035 -1.426058 1.805673 0.577873 1.771750 -3.281957
Obj 3.911032 -8.821408 -0.181686 1.475869 0.495345 1.715706 -0.478857
Obj 15.962501 35.036625 -1.923630 3.591787 1.548680 1.498372 2.324111
Obj 39.748402 19.689953 -1.028046 4.311243 2.063652 1.547808 -2.291821
Obj 49.191338 -1.712884 -0.420323 3.872674 1.652848 1.463555 -0.007528
Obj 33.932251 28.274427 0.879375 3.409755 1.618464 1.601981 -2.927683
Obj 3.984426 -8.975054 -0.370748 0.938697 0.647714 1.731326 -0.262455
Obj -0.256694 -2.190028 -0.821705 3.689881 1.638505 1.451829 3.042336
Obj 0.401168 -3.461806 -1.779968 3.103681 1.476392 1.299334 2.402171
Obj 51.176769 22.965904 -0.597933 3.290718 1.816949 1.510192 3.050282
Obj 29.019938 -14.561455 0.395229 3.253800 1.899646 1.469405 -3.446361
Obj 0.441871 -0.875138 -1.007850 3.497236 1.593284 1.463163 3.078225
Obj 46.030785 24.153021 -1.159922 4.056993 1.309216 1.484965 0.865030
Obj 20.857481 -9.563274 -0.216852 0.618089 0.593387 1.790348 2.534543
Obj 47.543125 -3.641818 -0.398593 4.060359 1.269589 1.572230 -3.085884
Obj 56.339546 25.218966 -0.850101 3.399040 1.552552 1.571615 -3.354550
Obj 22.319780 -9.084597 -0.016224 0.523560 0.760779 1.900115 -0.438420
Obj 20.672127 -9.534165 -0.195028 0.678168 0.565190 1.708147 -0.397259
Obj 3.608863 -8.857961 -0.284596 1.480429 0.471822 1.765049 -0.325891
Obj 9.031373 -13.464694 -0.616255 0.718219 0.555192 1.639565 -0.774500
Obj 49.755356 -6.759611 -0.223776 3.699497 1.457187 1.425433 2.581461
Obj 8.240847 -18.555151 -0.386373 4.066478 1.556602 1.557317 0.310380
Obj 14.787539 -8.821966 -0.007693 0.715381 0.542054 1.572434 -1.594750
Obj 8.462845 -14.454341 -0.433012 0.726372 0.582123 1.638557 -0.475317
Obj 48.059982 4.793108 -0.439676 4.227804 1.971429 1.496508 2.744867
Obj 32.390240 28.615349 0.711587 2.966466 1.728226 1.458937 -2.958881
Obj 43.154484 8.382862 -0.858017 3.456173 1.444240 1.391484 -3.296676
Obj 25.019602 -11.354909 0.147082 3.528035 1.598017 1.540514 3.165947
Obj 63.036221 22.676933 -0.231816 3.853827 1.894017 1.408656 2.930623
Obj 25.813093 -7.360990 -0.104359 0.759501 0.691858 1.807018 -1.998236
Obj 6.895774 -9.847459 -0.396054 0.662326 0.569875 1.588437 -1.504227
Obj 31.796904 30.276293 0.941580 3.852962 1.571708 1.562383 2.714881
Obj 42.652313 -2.991972 -0.451793 3.878510 1.693939 1.425094 2.708203
Obj 40.970085 7.482313 -1.389136 4.190454 1.627588 1.559743 -3.021229
Obj 20.839256 -9.757541 0.126356 1.276451 0.568996 1.677335 -2.088125
Obj 9.429292 -14.196419 -0.128132 0.616686 0.555257 1.597971 -1.381173
Obj 6.859115 -10.993134 -0.526971 0.557844 0.440256 1.577862 -1.547352
Obj 25.814781 -7.019254 0.039107 0.793812 0.721893 1.972224 -3.461311
Obj 1.587888 -9.530864 -0.773865 0.691875 0.526272 1.593175 -1.986667
Obj 25.229725 31.771770 1.561674 3.615653 1.697543 1.560037 1.706493
Obj 10.364344 27.111048 -1.657525 1.371829 0.542443 1.641034 2.972914
Obj 51.774464 6.737946 -0.739486 3.651060 1.493693 1.315787 3.076081
Obj 24.828789 32.963993 -0.276367 3.408496 1.975885 1.370234 3.091203
Obj 58.010502 23.110415 -0.520924 3.276428 1.736586 1.399028 3.042342
Obj 0.158297 -4.401292 -1.931018 0.570705 0.542016 1.397607 3.175177
Obj 15.328713 -7.861476 0.058339 0.708201 0.625020 1.849899 0.019731
Obj 43.695980 8.019968 -0.931156 3.793283 1.555972 1.412797 -3.006180
Obj 37.790638 0.143903 -0.781551 3.623124 1.625783 1.338677 3.016323
Obj 46.123970 -6.823497 0.169865 3.217436 1.876242 1.434118 -3.192293
Obj 3.627137 -9.137609 -0.140426 1.321486 0.505246 1.588313 0.122683
Obj 49.329071 -2.577148 -0.375018 3.409220 1.705024 1.449207 0.298516
Obj 8.014896 -10.733900 0.410415 0.620406 0.490541 1.564539 -1.653758
Obj 20.582802 -8.335816 -1.144041 0.635060 0.572468 1.709892 -0.857714
Obj 22.326841 -9.294276 -0.101805 0.596765 0.654239 1.889348 -0.363800
Obj 32.994061 -10.490853 -0.255369 4.053332 1.947485 1.502389 -3.195530
Obj 11.734758 -9.728354 -0.645832 0.601771 0.759326 1.610420 -1.626396
Obj 43.718292 9.100989 -0.904987 3.639068 1.629586 1.382504 -3.153123
Obj 20.688213 25.564133 -1.346819 1.812014 0.423518 1.663493 -0.219574
Obj 46.195728 -4.639981 -0.215274 0.780895 0.506110 1.785987 0.033500
Obj 33.319511 17.926826 -1.210328 3.948309 1.896112 1.422181 2.899069
Obj 63.831493 -1.026991 0.435929 1.141256 0.729672 1.674958 2.288227
Obj 0.266703 -9.501386 -0.740458 0.460671 0.604067 1.637235 -2.111511
Obj 18.535582 25.720068 -1.073370 1.752199 0.400476 1.827005 -0.206709
Obj 32.222729 16.283094 -1.432149 3.822900 1.319142 1.388179 3.201525
Obj 66.505676 -5.540065 -0.306104 3.949054 1.724242 1.372280 3.093415
Obj 65.506119 22.064846 -0.304140 3.951577 1.695865 1.399390 3.307446
Obj 60.475372 14.360462 -1.003885 3.850383 1.639204 1.347638 3.086012
Obj 35.937046 39.273903 2.112463 3.689475 1.496830 1.318620 3.078062
Obj 34.775188 26.382601 -2.054149 3.241536 1.885570 1.476138 2.790897
Obj 24.320312 32.005989 1.074134 3.274452 1.618332 1.477352 2.792348
Obj 59.982742 19.537701 -1.009232 3.316528 1.884926 1.433311 -3.022365
Obj 54.727219 9.878706 -0.771237 2.963696 1.718604 1.334603 -3.128188
Obj 12.404099 -8.409029 -0.201954 0.622859 0.570055 1.661754 -1.734604
Obj 27.228487 9.161567 -0.856846 3.239972 1.826439 1.382930 3.100216
Obj 8.680197 -8.525610 -0.432163 0.719232 0.622168 1.575571 -0.664315
Obj 37.925148 1.228861 -0.777063 3.640303 1.719598 1.349650 2.992892
Obj 25.948671 6.887041 -0.949435 3.540028 1.562554 1.392283 3.132237
Obj 27.632002 0.467795 -0.798487 3.663307 1.447456 1.380751 2.827976
Obj 45.944881 -4.842408 -0.159366 0.680288 0.507170 1.735047 0.462872
Obj 25.352465 32.473103 1.185297 3.911751 1.826569 1.560943 2.608459
Obj 1.191152 -9.300116 -0.595963 0.551193 0.679128 1.577348 -2.632336
Obj 38.444107 2.460825 -0.759579 3.603485 1.795213 1.352842 3.014795
Obj 2.262841 -20.743505 -1.658493 3.827382 1.504413 1.438420 -1.345683
Obj 13.944936 -8.569823 -0.265661 0.562974 0.490436 1.552568 -1.316729
Obj 32.142502 -10.009383 -0.448232 3.406583 1.520029 1.359288 -3.332272
Obj 30.415806 -9.473782 0.813847 0.677129 0.588406 1.682375 -1.041616
Obj 33.165123 15.299294 -1.394774 3.686805 1.617859 1.380250 3.020524
Obj 1.038968 -9.716249 -0.785204 0.594218 0.586642 1.420971 -1.642886
Obj 21.903635 -8.837422 -0.458504 0.634882 0.686677 1.605232 0.238922
Obj 19.832817 -9.943357 0.080534 0.582375 0.521651 1.686901 -1.560626
Obj 44.604721 30.246502 2.236346 3.467514 1.594342 1.394322 3.233464
Obj 1.288950 0.196728 -1.185265 3.449284 1.665159 1.425006 -3.272302
Obj 40.092941 9.856748 -0.755399 4.109370 1.714159 1.489394 -3.045696
Obj 31.442867 -7.181348 -0.372545 3.694568 1.490513 1.459413 -3.287168
Obj 12.818097 -8.373613 -0.539810 0.623906 0.406294 1.465480 -1.390958
Obj 45.377090 -5.797862 -0.724410 3.738037 1.749323 1.545086 3.005971
Obj 51.459526 -6.198328 -0.122286 3.274597 2.145249 1.530768 3.107099
Obj 31.377958 13.621454 -1.284872 3.546421 1.711256 1.315747 2.874169
Obj 28.302469 8.093407 -0.832414 4.137915 1.720137 1.466661 3.109320
Obj 3.451249 -4.274090 -0.606507 0.689378 0.561497 1.700218 0.154849
Obj 18.240868 25.432041 -1.665691 1.400175 0.348011 1.602846 -0.324118
Obj 0.545897 -9.642259 -0.914434 0.421579 0.518530 1.666406 -2.374664
Obj 7.224862 -11.032461 -0.281572 0.717531 0.441714 1.485914 -1.753992
Obj 21.001883 -9.396212 -0.052971 0.580059 0.662064 1.658497 0.680984
Obj 2.613615 30.965929 -2.714852 3.565225 1.591215 1.480465 3.465764
Obj 19.173141 -7.934912 0.634788 0.589910 0.571420 1.698017 -0.394970
Obj 34.176716 27.621763 0.844341 3.984886 1.632270 1.488194 -3.112046
Obj 25.789581 -7.721982 -0.249329 0.601906 0.720945 1.850253 -1.118602
Obj 34.458347 5.971152 -0.907494 3.791797 1.425672 1.402618 -0.252922
Obj 9.890465 -13.553513 0.164975 0.544653 0.639807 1.520831 -0.903108
Obj 39.614227 18.687056 -1.135453 3.753866 1.589729 1.539324 -0.212993
Obj 18.650095 -2.790874 -0.647094 0.751569 0.658306 1.629475 -1.058547
Obj 32.156986 8.529570 -0.653352 4.615231 1.942339 1.485860 2.858751
Obj 37.377625 -0.678986 -0.598469 4.067566 1.652598 1.464112 3.113054
Obj 3.139879 -6.920393 -2.916243 3.933420 1.643996 1.544856 -2.502536
Obj 57.114819 -2.837670 -0.680505 3.764202 1.650854 1.372914 -3.204105
Obj 58.470375 -7.043174 0.368394 3.251802 1.791047 1.479894 3.038900
Obj 0.577141 -9.869184 -0.976904 0.375049 0.542898 1.467409 -1.385646
Obj 45.863743 10.162243 -0.847150 3.158332 1.814405 1.393297 2.852760
Obj 34.554104 25.782942 -1.127066 3.454028 1.694588 1.532743 -2.828551
Obj 4.299943 -9.252941 -0.654516 1.268101 0.393563 1.444440 -0.158338
Obj 5.490367 29.720984 -0.019073 3.619077 1.569972 1.514679 2.732498
Obj 51.165356 -4.489202 -0.713349 3.732306 1.965716 1.539635 3.042043
Obj 21.206091 -9.509715 -0.149535 0.581330 0.757908 1.813426 0.709225
Obj 32.392467 -8.996637 0.105533 3.353712 1.662241 1.569676 -3.095096
Obj 20.269062 25.697464 -1.356427 1.528703 0.517743 1.759044 -0.582589
Obj 40.231754 19.192936 -1.276323 3.734350 1.684368 1.467126 -0.588064
Obj 26.410101 33.954330 1.496261 3.862551 1.521977 1.461093 -3.113800
Obj 8.836313 -14.585346 -0.119970 0.773251 0.617086 1.801943 -0.036450
Obj 21.039221 27.837709 -1.517379 3.223910 1.600618 1.512892 3.022738
Obj 3.538817 -4.426844 -0.626325 0.639116 0.659608 1.727618 0.059235
Obj 31.198050 -3.488703 -0.696177 4.318777 2.144436 1.588303 -3.263886
Obj 24.236177 25.432623 -1.488469 1.668626 0.614824 1.781839 -2.353729
Obj 35.567039 1.303180 -1.555127 4.167471 1.695694 1.536661 2.964765
Obj 15.415965 26.967638 -0.504020 0.604828 0.549212 1.664357 -2.294050
Obj 24.098705 25.306915 -1.449141 0.735047 0.735849 1.794168 -2.670890
Obj 42.351501 23.166958 -1.077679 2.976619 1.634333 1.313417 -0.248338
Obj 15.330807 -7.983190 0.140844 0.721818 0.527609 1.724556 -0.007919
Obj 9.645332 -19.405642 0.299883 3.351886 1.750008 1.498178 -0.113242
Obj 1.000239 -9.371437 -0.582000 0.448802 0.661508 1.775629 -2.744616
Obj 34.526001 0.678402 -0.638724 4.407039 1.482442 1.419216 3.149817
Obj 18.346619 30.322023 -0.947963 3.778314 1.916731 1.546646 -1.899331
Obj 31.137470 18.978561 -1.330059 3.706188 1.748807 1.510680 -3.185600
Obj 37.416508 5.310569 -0.720861 4.106111 1.626376 1.516820 3.098043
Obj 3.398230 -4.400104 -0.705863 0.615478 0.647483 1.740883 -0.064296
Obj 30.218565 -5.825925 -1.299000 3.826160 1.655100 1.509902 3.006594
Obj 50.064148 -6.252161 -0.386387 3.313878 1.497139 1.506609 3.231246
Obj 47.908562 -6.371070 0.078912 3.612313 1.760964 1.470902 2.837428
Obj 24.633387 15.816096 -1.269558 3.244304 1.573554 1.323609 3.151569
Obj 30.312508 5.031064 -0.695697 3.447580 1.734028 1.443678 1.500138
Obj 9.276262 -18.904968 0.345408 3.482940 1.837552 1.577071 0.952199
Obj 44.678337 13.349695 -1.035461 3.208205 1.667858 1.341840 -2.864202
Obj 46.181671 23.885389 -1.391025 4.015772 1.451755 1.483088 0.216380
Obj 11.098348 27.903046 -1.025831 1.612036 0.509622 1.586669 2.861384
Obj 43.548508 4.552890 -0.566040 3.439655 1.397216 1.334591 2.950330
Obj 3.253317 -8.962515 -0.332062 1.415004 0.467971 1.745542 0.305170
Obj 30.665405 6.829016 -0.967073 3.837429 1.685267 1.377894 3.184296
Obj 7.323581 -9.264028 -0.620663 0.445759 0.599461 1.565654 0.119289
Obj 1.156008 -4.787663 -1.637418 2.857440 1.653656 1.254693 2.667982
Obj 32.893501 4.692423 -0.856806 3.406842 1.691000 1.408190 -3.329120
Obj 39.611774 19.184900 -1.067935 4.268513 1.882183 1.477500 -1.276811
Obj 55.031685 30.722862 -1.380396 4.125809 1.594794 1.545861 0.527027
Obj 1.005624 35.588291 1.146820 3.811893 1.870878 1.597782 0.918319
Obj 13.358562 24.540222 -2.424671 3.853405 1.565563 1.539943 2.204827
Obj 9.586758 28.888660 -2.070461 3.523117 1.692793 1.445427 -3.237083
Obj 56.763138 26.325577 -0.389918 4.162017 1.478564 1.633029 1.692123
Obj 48.567890 19.724884 -0.895406 3.118502 1.684195 1.456363 -3.095233
Obj 32.134869 4.250876 -0.780590 4.378768 1.309529 1.368638 0.711476
Obj 59.438671 -2.614212 0.327562 3.703293 1.531494 1.374518 2.574745
Obj 37.297829 10.255367 -0.837502 3.370548 1.867592 1.368257 2.966685
Obj 0.952155 -9.535932 -0.571385 0.417719 0.565805 1.605076 -1.671287
Obj 4.552885 -8.773673 -0.724675 1.335456 0.417546 1.550243 0.612441
Obj 32.341660 4.380536 -0.747004 4.453602 1.700317 1.484267 1.589299
Obj 31.319721 3.148697 -0.703995 3.260852 2.190687 1.400660 -1.821180
Obj 42.371384 -1.705779 -0.431987 4.251710 1.757486 1.475865 2.705896
Obj 1.265287 -9.117130 -0.670931 0.531833 0.537329 1.522417 -2.327138
Obj 12.742125 -18.656677 0.266122 0.825202 0.649833 1.699492 0.706679
Obj 24.929213 7.528143 -0.890909 3.154251 1.644506 1.330615 3.062706
Obj 20.682922 -8.166653 -0.670402 0.676937 0.556815 1.576887 -0.424938
Obj 50.087032 0.727248 -0.547932 4.525902 1.556062 1.490636 2.844487
Obj 3.957814 -8.852075 -0.565876 1.354861 0.434989 1.554577 0.308156
Obj 47.544365 28.712177 1.220928 3.316091 1.493334 1.492343 -1.690941
Obj 36.274899 8.009787 -0.766906 3.505460 1.843480 1.340199 2.967550
Obj 0.763413 -9.688418 -0.613339 0.499351 0.562035 1.574075 -1.943477
Obj 32.295467 4.345147 -0.903428 3.932718 1.515404 1.354802 -0.677993
Obj 50.341961 31.413773 -1.042755 3.663809 2.077446 1.593850 3.097519
Obj 31.267067 3.602742 -0.745251 4.535555 1.819024 1.456347 1.955098
Obj 39.084709 19.088972 -1.097266 3.910205 1.668569 1.395660 -1.967016
Obj 30.624279 -1.666226 -1.004869 3.459410 1.620328 1.452319 1.646910
Obj 34.125195 24.661392 -1.451196 2.623564 1.519430 1.287629 2.884405
Obj 7.343476 -9.975102 -0.393169 0.786871 0.612349 1.563051 -1.432699
Obj 22.458702 18.834528 -1.446212 3.320167 1.463717 1.327097 -2.761895
Obj 20.984913 -8.951322 0.602586 3.237583 1.132083 1.378691 -0.847538
Obj 50.773338 -5.584301 -0.739856 3.704585 1.965102 1.605419 2.832479
Obj 30.387171 -9.655056 0.782077 0.683051 0.592866 1.659748 -0.302561
Obj 33.054649 18.523867 -1.535414 3.704857 1.578064 1.382868 2.771094
Obj 36.022961 10.755133 -0.970477 3.904800 1.570881 1.427766 3.016626
Obj 33.997711 -9.987245 1.110735 4.168417 1.815089 1.500200 -2.730257
Obj 26.343630 15.569759 -1.307435 3.382175 1.639982 1.353205 3.016704
Obj 1.709014 7.169096 -1.374111 2.864307 1.437627 1.307492 -2.388837
Obj 30.022348 8.096708 -0.849496 3.156542 1.726854 1.282288 3.338725
Obj 38.989407 4.532071 -0.681088 3.774913 1.850817 1.394718 2.854476
Obj 1.805933 -9.338572 -0.561585 0.645737 0.526808 1.535497 -1.884181
Obj 44.228668 10.209240 -0.890636 3.349198 1.918821 1.334893 -3.225085
Obj 28.146349 22.142841 -1.380812 4.202626 1.469144 1.376061 3.189555
Obj 56.717430 -6.107336 0.281856 3.377111 1.796546 1.514924 3.148679
Obj 48.094387 28.226877 -0.416895 4.023511 1.559112 1.531077 -3.361188
Obj 32.138771 20.937040 -1.261370 3.669215 1.486249 1.357116 2.945045
Obj 37.786236 9.325862 -0.796352 3.331389 1.801886 1.356586 3.301902
Obj 1.333752 -9.637581 -0.813842 0.776083 0.569527 1.477396 -1.981829
Obj 34.734688 -2.889009 -0.722369 3.589518 1.521011 1.461241 2.985137
Obj 26.693373 -0.537745 -0.972259 3.800533 1.549505 1.395707 3.051973
Obj 18.584541 25.493528 -1.007181 1.693104 0.486037 1.755647 -0.183429
Obj 28.504076 32.854328 -2.033194 3.412195 1.549588 1.537034 2.804069
Obj 4.361552 30.857012 -2.030312 3.452524 1.609045 1.390250 2.775599
Obj 54.924549 18.888943 -1.100154 2.930678 1.860323 1.455281 3.154471
Obj 8.687366 32.050003 0.982345 3.745232 1.616597 1.511234 2.399167
Obj 33.583599 6.551974 -0.952090 4.204236 1.593107 1.453470 -2.985625
Obj 24.900816 -9.958804 0.488794 3.825656 1.593409 1.489395 -2.768902
Obj 38.384735 5.096922 -0.790572 4.060535 1.823951 1.406560 2.990218
Obj 29.060745 -3.016453 -1.108075 3.053194 1.663095 1.389505 -2.419751
Obj 26.068895 9.920958 -0.981462 3.316118 1.457618 1.268898 -3.161735
Obj 22.279802 14.550840 -1.304626 3.658392 1.456362 1.388055 -2.888281
Obj 34.616707 3.276955 -1.038662 3.910190 1.530794 1.472932 -0.205986
Obj 26.368998 17.322134 -1.392532 4.288469 1.739836 1.469206 2.969112
Obj 34.182888 2.066673 -0.887516 4.383959 1.837262 1.492535 -0.284700
Obj 17.429834 26.802013 -0.705919 1.575874 0.572458 1.855626 -0.153061
Obj 46.697079 18.798828 -1.053388 3.424295 1.748268 1.405581 2.410352
Obj 29.644333 -9.224400 0.687960 0.618847 0.503103 1.612577 -1.165189
Obj 11.899294 -9.110807 -0.260226 0.460290 0.533941 1.415226 -1.509498
Obj 34.761684 3.814920 -1.040151 3.700943 1.447495 1.437654 -0.128102
Obj 1.490946 -9.103896 -0.637641 0.602713 0.574324 1.543178 -0.844786
Obj 44.601322 6.528570 -0.553359 4.257275 1.641336 1.473002 3.106085
Obj 47.487576 18.724504 -0.886738 3.058285 1.843387 1.410359 0.261164
Obj 55.732666 19.784771 -0.751059 3.656153 1.584336 1.474721 -3.074525
Obj 18.615585 -10.550802 0.480653 3.356152 1.392874 1.407763 0.033120
Obj 9.640196 -13.590797 -0.162708 0.731524 0.636438 1.639356 -1.581840
Obj 58.947666 19.095642 -0.846212 2.792546 2.107191 1.373897 -3.074109
Obj 22.777683 16.607719 -1.880751 3.556220 1.955446 1.525919 2.514823
Obj 34.247471 9.994959 -0.914500 3.739094 1.685021 1.419923 3.079573
Obj 47.289631 27.063950 -0.699304 3.043831 1.956023 1.539708 -0.412711
Obj 11.268129 -9.215529 -0.021663 0.494663 0.478533 1.541805 -0.494997
Obj 51.136898 25.546701 0.071944 3.996645 1.727949 1.464561 3.083341
Obj 14.963038 26.293150 -1.366770 0.812967 0.586063 1.771469 3.321924
Obj 23.026125 -7.995280 -0.460685 0.694093 0.611348 1.768901 1.114262
Obj 30.031471 -2.483566 -1.011039 3.578701 1.493608 1.439119 -1.595281
Obj 0.728920 -9.469083 -0.665103 0.513194 0.478137 1.515462 -0.971987
Obj 18.229404 -8.650081 0.435569 0.711842 0.554102 1.666673 -0.704651
Obj 11.499290 -19.277802 0.604476 3.312732 1.515371 1.480783 0.667098
Obj 33.871292 -2.208254 -1.051409 3.427651 1.440048 1.405162 2.870324
Obj 44.181862 7.377204 -0.902533 3.994615 1.550425 1.413960 -3.482002
Obj 16.770872 36.039066 -1.622500 3.507441 1.827769 1.402770 2.857498
Obj 38.224823 8.480944 -0.930262 3.756899 1.556217 1.491896 3.227467
Obj 28.325865 6.991275 -0.803361 3.539162 1.707067 1.462616 2.823518
Obj 0.917790 -6.111300 -1.904062 2.854197 1.275881 1.201461 -2.045386
Obj 33.998302 -1.488773 -0.854695 3.860374 1.373503 1.444707 2.321992
Obj 24.045418 -10.756149 0.392325 3.800358 1.309373 1.366960 -2.223540
Obj 31.029387 -3.103330 -0.372449 3.494674 1.633356 1.426637 -3.176332
Obj 34.641792 1.995107 -0.936756 3.510670 1.508370 1.398739 -2.906924
Obj 33.419613 23.046862 -1.119727 3.389604 1.766180 1.336933 3.155731
Obj 24.544445 17.773098 -1.497251 3.668415 1.703588 1.393864 3.046753
Obj 27.338875 13.784567 -1.467896 3.651889 1.603536 1.446904 -3.156590
Obj 46.473736 28.706522 1.663616 3.408540 1.815773 1.475278 -2.869565
Obj 20.221785 25.707697 -1.452292 1.649210 0.442400 1.707493 -0.016939
Obj 15.614467 -7.419801 -0.541975 1.452130 0.428788 1.628146 -0.042634
Obj 7.357078 -10.904215 -0.302909 0.777901 0.451480 1.541871 -1.925975
Obj 17.310562 26.382982 -1.265313 1.408329 0.412124 1.741098 0.127819
Obj 26.069330 2.286225 -0.858909 4.189106 1.540727 1.455503 3.088041
Obj 12.996911 -8.472803 -0.584945 0.545704 0.501432 1.460562 1.213333
Obj 24.489857 26.257858 -1.645076 1.623931 0.579553 1.622220 -2.518597
Obj 51.786362 8.761669 -0.784511 3.203334 1.909859 1.428921 -3.182859
Obj 34.139866 -0.641482 -0.795620 3.685996 1.538984 1.378472 3.121769
Obj 18.324480 30.293863 -0.841099 3.862155 1.680009 1.437246 -0.027560
Obj 12.183437 24.724127 -2.215124 3.232338 1.971826 1.369747 1.628822
Obj 65.139122 0.273448 -0.402691 2.727698 1.670310 1.326719 -3.142340
Obj 30.657911 4.392763 -0.830027 3.378306 1.671350 1.461622 0.136984
Obj 55.694141 22.590309 -1.163939 3.432940 1.914006 1.521790 -3.104060
Obj 53.011696 -6.324202 -0.089577 3.083656 1.605924 1.466495 3.108293
Obj 47.830460 18.004332 -1.127254 4.198700 1.691920 1.498805 1.416156
Obj 18.028023 25.619219 -0.957855 1.792762 0.408470 1.747366 -0.135298
Obj 20.200104 25.398317 -1.380210 1.659189 0.490687 1.789512 -0.584770
Obj 44.442360 10.956101 -0.845943 3.551147 1.406545 1.385436 -3.375123
Obj 32.666668 -6.908122 -0.411992 3.499013 1.799098 1.575576 -3.149105
Obj 9.667690 -9.718901 -0.053598 0.488456 0.461964 1.556776 -1.271675
Obj 29.351292 15.142523 -1.449040 3.706337 1.648013 1.438318 3.425578
Obj 9.569294 -13.317981 -0.021093 0.531153 0.672666 1.602760 -0.591024
Obj 29.902214 16.729305 -1.537597 3.737007 1.716597 1.430911 -2.996062
Obj 49.752651 18.647339 -0.981444 3.402282 2.015574 1.453284 3.138039
Obj 16.297586 11.928064 -1.400759 3.431564 1.878556 1.335458 2.998053
Obj 3.384642 28.286741 -1.558232 1.084118 0.469639 1.488093 3.398365
Obj 27.567719 -11.246986 0.530327 4.393187 1.669278 1.511121 3.154782
Obj 0.896511 -10.132817 -1.042260 0.538354 0.484037 1.568105 -1.675228
Obj 41.824169 25.272070 -0.497585 2.708454 1.319614 1.322947 0.102282
Obj 0.339173 -9.052644 -0.424435 0.435612 0.625026 1.595120 -2.150001
Obj 7.662970 -10.270460 -0.120340 0.561392 0.571340 1.592528 -1.650720
Obj 1.743915 34.688290 1.318764 3.344380 1.722771 1.454153 -2.961051
Obj 41.542072 19.471502 -1.116987 3.242949 2.112429 1.472165 3.395339
Obj 35.472515 9.766615 -0.905813 4.013290 1.626213 1.473154 3.166880
Obj 19.495066 -9.010340 -0.261958 1.387788 0.444609 1.579815 0.326366
Obj 49.039444 22.804747 -0.731366 3.624308 2.243737 1.513221 0.258120
Obj 28.779463 -7.283609 -0.612396 3.589243 1.498309 1.446086 -2.302495
Obj 28.130611 -1.096459 -1.560673 4.267297 1.914242 1.604004 -3.006620
Obj 26.596148 12.844831 -1.182555 3.243396 1.526236 1.351098 -3.113267
Obj 45.146427 14.216519 -1.068660 3.749939 1.561299 1.345947 -3.286914
Obj 40.533604 18.577074 -1.271315 4.055352 1.605217 1.440173 -0.179219
Obj 3.457549 -4.536287 -0.887136 0.437557 0.490848 1.584397 0.068942
Obj 50.901459 5.631037 -0.653616 3.264907 1.929565 1.344644 3.120882
Obj 40.825993 -1.980639 -0.439783 3.839313 1.677972 1.452110 2.939606
Obj 35.463608 34.919575 1.647194 3.813581 1.582590 1.494124 0.955847
Obj 42.369770 -5.780857 -0.218932 4.863850 1.880275 1.627170 3.167643
Obj 53.574123 10.125408 -0.778109 2.797060 1.784085 1.317290 3.002874
Obj 10.514911 -8.382578 -0.662585 0.467830 0.480754 1.372155 -1.027101
Obj 7.462631 -10.055906 -0.478326 0.668670 0.490304 1.521631 -1.404390
Obj 17.654274 17.364937 -1.524948 2.549461 1.794096 1.256739 -1.370598
Obj 51.081791 4.068206 -0.562964 3.795296 1.600584 1.433453 3.161672
Obj 29.834215 16.324097 -1.564904 3.958863 1.581405 1.446385 -3.123806
Obj 29.164013 10.960970 -0.788368 3.841847 1.742917 1.420418 3.169992
Obj 48.900612 24.908100 -0.250591 3.141721 1.482889 1.475477 3.039790
Obj 0.313905 -9.992498 -0.693260 0.534199 0.496204 1.455368 -0.111350
Obj 19.123699 -8.428608 -0.848091 0.500027 0.548018 1.526699 -0.053305
Obj 15.287058 30.891960 -1.833976 3.868689 1.690298 1.512281 3.189308
Obj 23.732948 5.582722 -1.175444 3.005794 1.721413 1.374866 -3.086669
Obj 55.264698 30.337852 -1.502083 3.282023 1.771816 1.413466 2.992250
Obj 23.561142 -8.422287 -0.648365 0.521077 0.596058 1.677665 -2.301428
Obj 17.644388 -8.478857 -1.062467 3.353316 1.517188 1.321111 -1.245858
Obj 43.109764 5.489325 -0.662489 3.660822 1.565261 1.422108 2.836068
Obj 38.861279 9.895820 -0.818955 3.285640 1.561755 1.334901 2.931857
Obj 42.723919 -1.548097 -0.464330 4.265419 1.665046 1.514744 -1.457198
Obj 41.376144 5.890633 -0.703264 3.145721 1.931124 1.318485 -3.125175
Obj 54.828541 22.085768 -1.598253 4.387927 1.688436 1.702103 -3.224085
Obj 2.560967 -11.935442 -1.058966 0.687587 0.669722 1.508506 -2.754220
Obj 14.821357 26.519312 -1.499785 0.698006 0.582593 1.802519 3.541006
Obj 9.473018 -9.177233 -0.139710 0.414225 0.513965 1.536890 -1.254156
Obj 32.720421 7.259616 -0.863145 3.799712 1.701927 1.469802 2.895399
Obj 17.770760 -9.137643 -0.323342 0.696378 0.603921 1.607319 -0.181559
Obj 46.865341 25.786755 -0.655539 3.394939 1.548652 1.675994 1.126213
Obj 28.819336 9.993376 -0.954386 3.358840 1.725269 1.351858 3.078088
Obj 36.331577 28.345396 -0.358612 3.818985 1.703353 1.594837 -3.069111
Obj 28.035755 -13.437862 -0.114262 4.501751 1.725174 1.541414 3.078791
Obj 0.769637 36.195831 1.013744 0.746341 0.556689 1.634202 1.314543
Obj 8.405920 -9.133450 -0.556194 0.417764 0.533438 1.385765 1.539221
Obj 11.650221 -9.312698 -0.325003 0.447529 0.526496 1.482286 -1.421507
Obj 20.293262 -8.981046 0.745833 2.797483 1.147349 1.513041 -0.778107
Obj 38.313675 -4.950669 -0.520091 3.204128 1.670716 1.370661 3.474526
Obj 15.449661 -7.451074 -0.461370 0.607229 0.488022 1.748570 -0.859853
Obj 7.876465 -10.332926 -0.167410 0.587157 0.512271 1.670258 -1.540889
Obj 38.133896 11.084579 -0.731197 4.081728 1.620308 1.512469 2.999444
Obj 24.252550 -3.214019 -0.905163 2.757329 1.304366 1.292903 2.299173
Obj 0.475014 -10.045846 -0.779950 0.512165 0.512497 1.509990 -2.504548
Obj 46.470596 22.454060 -0.805499 3.014712 1.736739 1.477888 -3.132332
Obj 51.580330 28.671091 -1.440363 3.005441 2.231169 1.546332 3.099150
Obj 47.994442 18.009239 -1.066123 4.407051 1.696370 1.506859 0.615645
Obj 13.426898 -18.433083 0.204994 3.279280 1.350776 1.384048 0.752626
Obj 30.589384 18.134117 -1.554273 4.299141 1.658265 1.529261 -3.209269
Obj 26.170391 8.716520 -0.870191 3.806735 1.566365 1.338623 3.032922
Obj 59.776360 5.116703 -0.692086 3.752285 1.629258 1.468059 -2.956399
Obj 46.594845 23.616154 -1.023885 3.991174 1.530151 1.607065 0.070648
Obj 14.174154 29.581406 -2.007999 3.180179 1.424391 1.287727 2.987511
Obj 6.476390 -9.451162 -0.565385 0.529010 0.520834 1.482414 0.844661
Obj 7.133205 -9.927296 0.444747 0.780973 0.607433 1.584519 -1.247817
Obj 17.042860 26.530210 -1.398663 1.420599 0.542943 1.746358 -3.252552
Obj 12.596747 -8.775146 -0.149270 0.549519 0.527644 1.552998 -1.400517
Obj 28.623337 -1.267943 -0.926973 3.900075 1.743218 1.455459 -2.414327
Obj 28.800840 -9.119246 1.068622 3.199342 2.206754 1.589465 -2.371002
Obj 31.111225 22.721596 -1.232993 3.777437 1.729417 1.415027 3.031361
Obj 12.429242 -12.983562 0.749791 0.708719 0.511593 1.681983 0.381314
Obj 51.441051 18.400570 -0.963264 4.269440 1.579260 1.491158 -3.346537
Obj 51.543915 19.451719 -1.032050 3.096834 1.898762 1.424248 -3.039920
Obj 26.391815 1.292569 -0.800165 3.762130 1.549491 1.405158 3.280183
Obj 28.924856 -0.071793 -0.684879 3.927658 1.718443 1.467888 2.363040
Obj 0.891463 -4.209282 -1.724450 3.450356 1.879650 1.355978 -1.290588
Obj 17.122622 -8.985351 -0.005413 0.635948 0.569038 1.593028 -0.561006
Obj 12.670728 -8.380596 -0.334287 0.634894 0.530312 1.577505 -1.266451
Obj 26.835915 -11.580681 -0.420591 3.301335 1.851028 1.285304 3.245271
Obj 22.686531 18.818762 -1.629884 3.825099 1.398071 1.470830 2.312855
Obj 29.545567 14.656812 -1.499238 3.565985 1.697644 1.450749 -3.016613
Obj 46.539371 18.869387 -1.122449 3.636597 1.592538 1.469085 1.495363
Obj 43.461838 23.415342 -1.205778 3.088470 1.769457 1.570885 0.012565
Obj 7.481166 -12.801897 -0.696621 1.382076 0.625312 1.627882 -1.726115
Obj 12.991847 24.318258 -2.162145 3.645747 2.171032 1.434979 1.198666
Obj 46.764915 19.907795 -0.837617 4.014483 1.538999 1.591229 -0.013797
Obj 23.549540 27.266312 -1.764537 0.600860 0.605534 1.653823 -2.632090
Obj 14.315809 26.838398 -1.531282 0.616477 0.514630 1.689876 2.731768
Obj 38.375278 19.330936 -1.083705 3.671427 1.735957 1.401539 -0.313086
Obj 18.077101 25.560280 -1.366958 0.902278 0.536046 1.632549 0.132248
Obj 28.605703 -6.600427 -1.312944 2.896664 1.783042 1.433220 -2.926058
Obj 17.554192 26.593668 -1.032562 1.408480 0.475109 1.626585 -0.331893
Obj 31.200657 10.233309 -0.854836 3.704899 1.863335 1.458649 2.831743
Obj 18.217701 35.038422 0.627791 3.526755 1.727128 1.471268 -3.460188
Obj 9.516191 29.566713 -1.752656 4.393094 2.144424 1.544196 2.642598
Obj 3.182031 32.547451 0.546625 4.123499 1.904552 1.563545 2.785980
Obj 42.777641 28.620087 2.487730 3.268899 1.870139 1.328156 3.154707
Obj 20.980282 -8.451344 0.199319 0.533375 0.495481 1.558648 -1.418718
Obj 21.197725 13.791913 -1.897085 4.567633 1.915344 1.585641 -0.607868
Obj 37.817055 29.154652 -0.356322 3.520849 1.743806 1.504380 -3.223729
Obj 31.319572 -0.610743 -0.689878 3.457945 1.984141 1.454677 1.522490
Obj 21.890959 -8.468139 -0.711812 0.612115 0.546680 1.669850 1.160782
Obj 12.221166 -19.814178 0.440603 0.547971 0.485916 1.526283 2.724666
Obj 37.315559 20.125866 -1.475705 3.385346 1.682905 1.459500 3.061672
Obj 10.709315 -17.747454 0.548988 4.195920 1.773734 1.557483 -0.054607
Obj 20.335165 28.355728 -1.621618 3.584451 2.161184 1.539355 -2.861270
Obj 32.603325 31.836195 0.985970 3.582015 1.933333 1.564619 3.168715
Obj 8.896417 -8.586538 -0.520833 0.404778 0.519386 1.553920 -0.067183
Obj 52.998550 30.828869 0.524351 3.208915 2.028660 1.434731 3.133733
Obj 47.277828 21.897297 -0.917288 4.475282 1.788513 1.632520 -3.292281
Obj 43.035507 -1.528923 -0.504944 3.835889 1.256478 1.467487 -0.871207
Obj 21.939695 -9.782981 0.353938 3.668899 1.827849 1.566293 0.211654
Obj 2.599194 28.370865 -1.903039 1.288463 0.529104 1.585365 3.301823
Obj 56.096363 27.208675 0.722154 3.618067 1.555781 1.507806 3.117152
Obj 9.258690 -10.429344 -0.332091 0.662829 0.700557 1.679751 1.786641
Obj 20.454372 15.007607 -1.490276 3.524835 1.416934 1.346026 0.068376
Obj 51.488243 30.578989 -0.920291 3.985777 1.752212 1.533619 2.947216
Obj 55.859722 29.852234 -1.534787 3.718864 1.901011 1.471550 2.813175
Obj 17.522783 26.742006 -1.442911 1.905990 0.499138 1.665323 0.728115
Obj 46.145409 26.660723 -0.620378 3.200722 1.447851 1.550090 -0.914825
Obj 9.973970 -9.043850 -0.283289 0.403629 0.609868 1.579144 -0.870811
Obj 56.689835 19.449608 -0.748668 3.236525 1.841964 1.474905 -2.983917
Obj 17.352283 -9.925970 0.014022 1.055839 0.567486 1.605267 0.212454
Obj 17.980667 25.769485 -0.969996 1.739325 0.494675 1.874033 -0.033574
Obj 33.791428 25.443645 -1.186498 2.757533 1.277923 1.387493 3.044266
Obj 19.885704 25.822794 -1.456726 1.850915 0.515354 1.896507 -2.710702
Obj 22.487406 -8.376060 -0.692707 0.581299 0.449082 1.581804 0.267922
Obj 46.466724 18.568363 -1.137525 3.455500 1.683193 1.448051 0.146024
Obj 17.816673 -9.315069 0.168471 0.764473 0.514861 1.681803 0.105435
Obj 26.380182 18.029791 -1.420814 4.838923 1.559040 1.493838 2.998192
Obj 9.748543 -8.670742 -0.892681 0.382959 0.482484 1.470115 -0.827240
Obj 31.177572 -5.975390 -0.350755 3.121821 1.744031 1.527200 3.215753
Obj 52.976978 29.641615 -0.477652 3.290388 2.563441 1.598433 3.377547
Obj 10.766204 -9.346432 -0.557908 0.515445 0.543348 1.520650 -1.318964
Obj 11.808681 27.262615 -0.791277 0.536769 0.493835 1.580387 0.034526
Obj 39.605198 13.336500 -1.017465 3.290943 1.447309 1.275096 3.129459
Obj 1.358859 6.258146 -1.766659 2.849280 1.285109 1.332832 1.722685
Obj 1.640305 -8.884785 -0.634016 0.546072 0.517285 1.593076 -2.302094
Obj 6.430635 36.147343 0.838666 4.123559 1.903513 1.547785 2.889659
Obj 35.605633 33.542446 1.384263 3.911021 1.939907 1.552890 3.067254
Obj 3.276738 -9.149516 -0.219919 0.595642 0.489428 1.618060 -1.757518
Obj 3.363336 -9.305766 -0.237251 1.382264 0.552851 1.712796 0.121880
Obj 1.363627 -9.399191 -0.660028 0.462027 0.488327 1.593139 -2.347786
