Obj 16.153782 16.224775 -1.040864 4.296658 1.648499 1.498073 3.146071
Obj 16.133320 16.572037 -1.126085 4.136725 1.667735 1.516944 -2.892822
Obj 16.522501 16.335459 -0.984608 3.889106 1.629241 1.559043 3.061771
Obj 51.642952 15.966527 -0.754002 3.946531 1.631702 1.534194 -3.109952
Obj 38.589485 15.720655 -0.874657 3.717761 1.581915 1.475562 3.097139
Obj 36.253319 -19.212765 0.937102 0.708986 0.672050 1.820274 -0.043875
Obj 38.821415 14.573826 -0.882757 2.748974 1.379433 1.340790 -3.064004
Obj 6.468714 -5.999214 -0.637873 0.632120 0.605511 1.774652 -0.897097
Obj 6.482471 -6.110081 -0.558350 0.808182 0.633065 1.764693 -0.661005
Obj 6.568717 -5.998205 -0.732550 0.660978 0.676694 1.634501 -0.765341
Obj 16.212198 15.155802 -0.984464 3.808032 1.399800 1.594851 2.955487
Obj 51.628017 16.305086 -0.867582 4.045813 1.644766 1.570341 -3.028999
Obj 17.198305 16.707245 -2.246902 3.967910 1.641463 1.533956 2.917471
Obj 5.556410 -28.456264 -1.696657 0.534955 0.562075 1.733787 0.423882
Obj 6.686928 -6.015314 -0.719498 1.787625 0.479740 1.760035 0.083488
Obj 38.973488 14.038263 -0.902719 4.047768 1.558323 1.385739 2.835975
Obj 4.604059 -21.155405 -0.928385 0.614304 0.506932 1.685154 2.808231
Obj 16.390959 -11.682767 0.156457 0.606980 0.546579 1.779119 2.478022
Obj 37.315006 16.463678 -0.216479 3.781050 1.668956 1.530394 2.916921
Obj 38.446407 15.618148 -0.882337 3.460797 1.360334 1.420210 3.067174
Obj 7.111953 -6.111514 -0.755153 1.257927 0.366993 1.525576 -0.404727
Obj 5.900672 -9.579820 -0.248755 0.486324 0.556696 1.684869 2.414257
Obj 2.412238 8.543072 -0.370305 1.490756 0.629827 1.855585 3.334291
Obj 36.368603 -19.086401 0.926405 0.712250 0.671361 1.801252 -0.101216
Obj 9.620358 -15.395752 -0.752091 0.854501 0.601893 1.860172 2.689267
Obj 38.364182 16.036165 -0.889686 3.860485 1.623116 1.549030 3.237775
Obj 38.888947 13.410699 -1.352772 3.614903 2.060971 1.403122 2.893150
Obj 9.532136 -16.050150 -0.761863 0.653875 0.605390 1.822012 2.328781
Obj 17.706629 -12.433062 -0.330329 0.848252 0.653260 1.701291 2.855648
Obj 4.599586 -21.057974 -1.038114 0.676669 0.654650 1.854188 2.433771
Obj 41.118061 19.231852 -1.471948 3.212237 2.283361 1.480096 3.442533
Obj 19.906981 17.295614 -1.112193 3.848513 2.107764 1.513456 3.102898
Obj 6.614957 -5.969575 -0.592609 1.755753 0.453771 1.725273 -0.225707
Obj 4.704340 -20.784576 -1.150282 0.578302 0.623090 1.670931 2.383395
Obj 6.766850 -6.215113 -0.731956 1.261809 0.426449 1.632028 -2.034103
Obj 46.412994 -8.769367 -0.436801 3.426025 1.733112 1.657215 -3.679598
Obj 15.455600 18.155645 -1.053966 3.443966 1.384051 1.324903 3.101895
Obj 17.386290 -13.546093 -0.601089 0.767978 0.592184 1.808864 2.591930
Obj 5.900513 -9.388339 -0.224968 0.558567 0.593513 1.772140 2.552646
Obj 36.927990 37.232174 1.260651 4.164941 1.657690 1.596757 0.428247
Obj 69.051697 -9.125454 -0.222146 2.639908 2.146771 1.366917 3.172860
Obj 37.936722 17.432281 -1.003824 3.505679 1.971763 1.468846 3.091571
Obj 6.640376 -6.143225 -0.710121 1.437433 0.342029 1.759356 -0.798543
Obj 50.471088 14.067376 -0.934933 3.879258 1.697344 1.520057 2.909869
Obj 28.606903 -18.161886 -0.607708 0.904041 0.937826 1.991779 -0.411606
Obj 17.059488 -19.546610 -0.842995 3.389390 1.694797 1.493946 -2.321330
Obj 44.985584 30.768702 -1.214055 3.616137 1.615391 1.598048 3.221858
Obj 1.893893 4.554747 -1.524868 3.257984 1.709367 1.486212 0.390883
Obj 17.525057 -13.400747 -0.013383 0.805188 0.582269 1.887356 3.035084
Obj 50.950680 15.393847 -0.613505 4.557351 2.205318 1.734939 2.608189
Obj 6.831925 -6.029525 -0.833453 0.584180 0.476407 1.606696 -0.500607
Obj 46.694210 31.269066 0.384321 3.582457 1.610044 1.573058 3.014991
Obj 9.645349 -15.711506 -0.850057 0.852483 0.585463 1.878309 2.720432
Obj 40.355145 -34.589493 -0.958448 3.469034 1.871008 1.460222 2.847875
Obj 18.429783 14.917199 -1.108887 3.741803 1.978859 1.573475 2.952877
Obj 28.586088 -18.534674 -0.055746 0.593299 0.661098 1.838755 -2.393583
Obj 14.383873 -12.223429 -1.193122 0.730916 0.627424 1.747099 1.036043
Obj 37.458206 18.186073 -0.997189 3.146996 2.088758 1.375292 2.658852
Obj 8.957191 -16.288200 -0.338913 0.865654 0.722482 1.982382 0.372498
Obj 9.087816 -16.162518 -0.380139 0.828036 0.777343 2.045237 0.604866
Obj 9.440300 -16.125935 -0.638742 0.748637 0.584144 1.806061 1.738842
Obj 51.999210 6.682573 -0.897359 4.203694 1.922252 1.445589 -3.146398
Obj 15.030268 23.593304 0.395586 3.689703 1.577366 1.534806 -1.148479
Obj 15.406544 23.245705 1.095790 3.938487 1.560524 1.502522 -2.950479
Obj 43.329288 -24.888443 -0.357491 3.706996 1.910168 1.449527 -3.157485
Obj 36.718510 37.110733 1.333390 3.663174 1.642887 1.613646 2.993361
Obj 58.059750 11.030942 -0.873607 2.553588 1.741944 1.396367 3.061569
Obj 3.712049 9.379960 -0.712547 4.179152 1.654279 1.776755 -3.049514
Obj 50.022976 23.775412 0.775262 4.189699 1.577745 1.808305 1.234770
Obj 56.185165 11.374857 -1.100645 3.451843 2.016104 1.409429 -3.192397
Obj 0.888925 -5.044830 -2.032484 3.139030 1.525410 1.402361 0.152867
Obj 0.995784 -1.203722 -0.993291 3.248172 1.901718 1.397926 -2.837669
Obj 32.408466 0.835511 -1.037157 3.950513 1.467936 1.400383 -3.086008
Obj 10.821450 21.730970 1.690004 4.094739 1.824578 1.477490 3.029283
Obj 56.412327 5.140479 -0.815628 3.000039 1.476568 1.331647 -3.054222
Obj 29.470495 -17.772112 -0.528493 0.598434 0.523941 1.695681 -0.372977
Obj 1.828616 4.396582 -1.499404 3.108332 1.554610 1.442353 1.974851
Obj 14.606332 22.748175 1.128257 3.862943 1.845819 1.546795 -2.024115
Obj 38.879375 38.681572 -0.135254 4.073988 1.680403 1.577814 1.218357
Obj 14.298858 -12.188727 -1.039488 0.674512 0.594318 1.594963 0.973326
Obj 6.741435 -6.041057 -0.711884 1.476224 0.352411 1.697225 -0.270652
Obj 16.392834 14.791813 -0.994480 4.356554 1.675901 1.517631 3.198191
Obj 46.956894 33.006184 -0.282447 3.923779 1.895710 1.493780 2.918191
Obj 34.495174 28.447182 -1.703500 3.856796 1.621697 1.539016 -3.084232
Obj 3.418245 10.464194 -0.727072 3.366832 1.793982 1.593744 -2.661124
Obj 37.791740 25.902317 -1.179233 3.383994 1.660861 1.382084 2.769240
Obj 50.289104 35.145794 -0.023676 3.685271 1.501418 1.479903 -3.537288
Obj 6.569328 -6.069735 -0.767485 1.601751 0.413631 1.715852 -0.183388
Obj 0.442003 10.237528 -2.492276 3.208883 1.691628 1.578307 -3.216879
Obj -0.648275 -1.404689 -0.717668 3.559904 1.833627 1.446597 2.911914
Obj 4.532300 9.020859 -0.635480 3.517291 2.344856 1.655212 -3.072300
Obj 1.792408 4.428470 -1.467336 3.305891 1.631899 1.457703 2.998888
Obj 45.822250 30.986536 1.784813 4.222684 1.810145 1.549588 3.266788
Obj 2.551920 8.401616 -0.650030 1.624200 0.525328 1.765778 2.510834
Obj 48.781811 -9.579318 0.271188 3.418439 1.831245 1.461143 -3.044081
Obj 17.574427 22.607748 -1.047650 3.254911 1.343418 1.312853 -3.001871
Obj 17.972403 -20.326548 -1.631585 3.415398 1.444924 1.465429 -2.600579
Obj 2.626503 10.601585 -0.865091 3.937732 2.132172 1.693157 3.321391
Obj 5.808494 -27.989388 -1.469853 1.008251 0.580288 1.848148 0.386581
Obj 45.526539 34.771988 1.283794 2.902486 1.853769 1.507568 -3.018523
Obj 1.396463 9.301796 -0.623748 4.372129 1.864308 1.670570 3.310565
Obj 9.316542 -16.091133 -0.818862 0.871329 0.736663 1.976978 1.763044
Obj 4.094965 8.607915 -0.331703 1.749048 0.473777 1.981982 2.924279
Obj 2.507588 9.332052 -0.758202 3.586291 1.671673 1.516961 3.078425
Obj 1.381789 -4.708260 -2.074506 2.762473 1.432972 1.316041 1.097708
Obj 40.490536 -4.432911 -0.816282 3.604196 1.263769 1.370682 -0.333425
Obj 17.022076 -14.352201 -0.312695 1.213122 0.620105 1.677038 -2.106233
Obj 28.462229 -18.402939 -0.383604 0.717634 0.845205 2.055861 -1.368228
Obj 2.252798 8.492311 -0.647427 1.280907 0.583581 1.786317 1.077086
Obj 1.921811 10.144659 -0.859219 4.014277 1.745344 1.597714 3.051813
Obj 17.340445 -25.595970 -1.345480 0.640076 0.588850 1.645053 -2.297819
Obj 15.295885 13.271964 -1.096794 3.347581 1.193107 1.284109 2.880590
Obj 42.650982 -36.168652 -0.052426 3.536575 2.049583 1.460754 2.892416
Obj 12.090460 -24.863422 -2.177217 3.158721 1.521790 1.449281 -1.631545
Obj 45.361332 34.158924 1.671067 3.362296 1.567347 1.482633 -3.118711
Obj 48.286186 22.531801 -0.487654 1.088964 0.590239 1.581344 -2.416852
Obj 42.346340 -29.665653 1.550243 3.909265 1.784834 1.737056 -2.953881
Obj 37.916458 -4.316377 -0.765894 3.955783 1.819866 1.368106 2.416130
Obj 5.545035 -18.989891 -1.623108 0.650901 0.579216 1.685890 0.260803
Obj 1.802815 8.651960 -0.726538 1.402893 0.664688 1.695079 3.105844
Obj 14.295155 -12.320190 -1.031706 0.626281 0.564811 1.545323 0.964429
Obj 15.409472 24.303410 0.765854 3.788240 1.927871 1.659363 -0.190937
Obj 43.171898 -29.551003 1.821733 4.345376 2.110793 1.603497 -2.830607
Obj 10.036052 -16.376432 -0.829389 0.657030 0.583249 1.725470 2.562666
Obj 36.325191 -22.457317 1.527805 3.502163 1.722825 1.465827 2.862748
Obj 59.446594 3.882033 -1.013771 3.510254 1.614239 1.351554 2.882621
Obj 61.620399 13.816525 -1.030214 3.876796 1.652509 1.352771 3.088748
Obj 52.720570 29.546131 2.709370 3.814018 1.615501 1.339251 3.084685
Obj 9.079065 -16.164541 -0.594908 1.011584 0.655294 1.943828 -0.713124
Obj 9.234437 -19.367489 -0.229657 0.618962 0.499710 1.621795 2.777200
Obj 7.746732 -13.182129 0.774160 0.482012 0.531325 1.608794 -1.814801
Obj 3.610129 -29.748957 0.506169 0.887312 0.731072 2.006807 1.820835
Obj 36.646011 -23.118231 1.529602 3.746137 1.566277 1.532905 2.111425
Obj 5.890028 -15.605552 -4.880529 3.656901 1.615146 1.347845 -3.152870
Obj 29.655922 -18.003601 -0.527417 0.821268 0.630573 2.006254 -0.179931
Obj 5.642756 8.987370 -0.956732 0.758967 0.713194 1.858452 2.017420
Obj 45.084751 -9.321356 -0.389359 3.204646 1.604046 1.612373 1.166106
Obj 45.431820 32.100426 0.451305 4.610102 1.627066 1.689193 3.284509
Obj 16.163363 14.151160 -1.031999 3.492049 1.436414 1.342710 -3.300221
Obj 45.606098 -9.065308 -0.167850 3.341712 1.668941 1.610954 2.811467
Obj 30.845518 4.191248 -1.497548 3.590328 1.583273 1.544322 1.457891
Obj 44.466015 35.892185 1.166493 4.005103 1.650439 1.542553 1.505913
Obj 38.010323 37.106239 0.440230 4.065657 1.698543 1.536781 -0.940789
Obj 28.930479 -13.664311 0.650496 0.979022 0.703386 2.015291 -1.424878
Obj 35.102596 21.932520 -0.212686 1.311671 0.505548 1.695146 3.271912
Obj 58.643158 -8.502061 -0.436389 2.494493 1.791404 1.484474 3.507576
Obj 3.081736 -29.249985 0.018512 0.947056 0.778523 2.196985 2.174623
Obj 14.743342 -12.457202 -1.076865 0.514000 0.554242 1.623551 1.082991
Obj 1.069958 -7.888665 -3.779733 3.472146 1.663286 1.533464 -0.384790
Obj 50.518509 15.861038 -0.570006 3.323350 1.629917 1.608125 2.835289
Obj 49.270813 24.539083 -0.252714 4.530454 1.886896 1.718783 2.502317
Obj 3.624501 9.786122 -0.981713 3.046336 1.450571 1.480771 2.284252
Obj 23.273666 -10.274894 -0.920343 0.600395 0.600599 1.604517 0.134125
Obj 38.211205 -1.913727 -0.960664 4.241772 1.601288 1.395625 3.113858
Obj 45.364815 -10.747221 0.122816 3.683558 1.592066 1.549172 2.805061
Obj 42.318108 30.189945 -2.301665 3.574013 1.761131 1.574989 3.137901
Obj 53.476883 -7.777583 -0.474030 4.190382 1.579435 1.588498 3.155491
Obj 47.580616 29.293274 0.263179 3.487386 1.547750 1.717513 2.757650
Obj 46.388309 36.992313 1.486372 3.889267 2.164392 1.562113 3.205832
Obj 10.083612 -14.406588 -1.337190 0.548483 0.627911 1.643990 0.034123
Obj 43.298016 -37.535603 1.939399 3.462883 1.443525 1.466151 2.808012
Obj 43.258331 28.478125 -1.245014 3.897279 1.648461 1.633703 3.297864
Obj 43.886772 -27.878502 1.350277 3.474809 1.743487 1.530939 3.033835
Obj 49.727699 35.934273 -0.066303 4.367518 1.640336 1.547030 -2.842346
Obj 28.628897 -18.391199 -0.013269 0.843875 0.708810 1.825455 -1.094946
Obj 48.500458 39.422047 2.345901 3.851695 2.185134 1.436833 3.233091
Obj 38.841331 38.107941 -0.294641 3.882703 1.472992 1.436736 0.521106
Obj 16.673363 -21.620794 -0.579881 3.984655 1.980090 1.507577 -1.680921
Obj 57.700069 4.117046 -0.799355 3.627968 1.512675 1.467298 3.038585
Obj 3.271054 10.775743 -0.879055 3.391345 1.581948 1.685993 2.721818
Obj 4.073598 -11.895779 -4.238464 4.075543 1.871984 1.518210 3.076794
Obj 42.618412 30.607424 -2.166164 4.103777 1.633798 1.601281 1.552508
Obj 5.604579 -19.373453 0.200844 3.242428 2.071927 1.584726 -1.768551
Obj 40.357960 34.738892 -0.496390 3.135276 1.705192 1.436977 3.035555
Obj 47.420963 -8.205282 -0.395953 3.360773 1.597708 1.590724 -3.091218
Obj 3.303870 10.438581 -0.982133 3.514708 1.428653 1.534757 1.697691
Obj 1.273887 -5.179602 -2.127534 3.222955 1.469105 1.463162 0.335533
Obj 35.852810 -20.873915 -0.392989 2.849561 1.516443 1.409048 1.591717
Obj 17.119972 -14.680579 -0.268092 1.632090 0.612216 1.708915 -3.307916
Obj 49.559662 -9.196085 -0.477655 2.841572 1.600739 1.506685 2.900541
Obj 33.291023 17.062897 -1.011451 4.645673 1.672468 1.435217 3.265444
Obj 7.110991 -19.060190 -1.006396 2.879631 1.351178 1.416094 0.167557
Obj 9.946337 -18.170942 -0.928414 0.795388 0.657329 1.834446 -1.903637
Obj 49.501869 24.896532 -0.069420 3.821950 1.438127 1.443358 3.113696
Obj 35.870190 36.416542 1.103777 2.940545 1.639612 1.627427 -0.024103
Obj 16.204887 13.542315 -0.999335 3.511516 1.426422 1.290718 -3.202033
Obj 46.219505 35.826149 1.552503 3.498957 2.026237 1.542807 -3.020341
Obj 33.644081 4.122095 -0.832350 5.012723 1.624235 1.486333 0.247944
Obj 29.237026 -17.737925 -0.529562 0.732141 0.607579 1.806777 -0.109537
Obj 60.367638 22.420286 -0.908600 3.469703 1.471704 1.463624 0.193900
Obj 43.930786 15.629773 -0.877802 4.212249 1.371881 1.383583 2.877628
Obj 22.571663 30.336393 -2.271502 3.385392 1.620497 1.534790 1.493835
Obj 45.568893 35.331993 1.198199 3.174138 1.842258 1.646164 -2.830173
Obj 0.015927 10.930183 -1.405165 3.363961 1.387953 1.370725 3.248927
Obj 6.707177 -18.963934 -1.466598 2.944741 1.546892 1.362214 0.864700
Obj 47.166290 -5.051441 -0.690078 3.582696 1.378528 1.357662 -0.015412
Obj 66.908417 -9.058649 -0.700752 2.306908 2.033525 1.368561 -2.904855
Obj 2.690204 9.357180 -0.623055 3.483763 1.673648 1.400172 1.198221
Obj 38.752052 38.001373 -0.103302 3.897387 1.487409 1.436031 1.133131
Obj 5.241643 -19.604708 -1.492385 3.496777 1.728480 1.425856 -2.642887
Obj 0.998273 11.090528 -0.192452 2.784649 1.783154 1.470087 -2.898817
Obj 16.909304 -15.267875 -0.200916 1.280718 0.620702 1.566674 -3.412589
Obj 35.234646 36.467682 1.089339 4.139299 1.758603 1.569529 3.051487
Obj 33.377380 2.283288 -0.952124 3.625305 1.849871 1.366473 3.066543
Obj 28.956861 7.794106 -0.927171 4.869351 1.658429 1.543920 2.278421
Obj 5.514975 8.387537 -1.916021 3.325933 1.867504 1.533042 3.024480
Obj 2.819950 9.706161 -0.651019 3.691238 1.525325 1.552315 1.736290
Obj 31.467365 -21.071817 0.876119 3.168070 1.715843 1.548575 1.398602
Obj 33.016029 -12.819844 -0.864694 2.816668 1.619684 1.440624 1.255828
Obj 16.251644 -21.806591 -1.117186 4.132309 1.512875 1.502919 -1.320053
Obj 50.807327 8.499840 -1.200006 3.376070 1.418154 1.420643 3.061099
Obj 44.040836 13.613463 -1.223501 3.557732 1.384456 1.392050 1.339523
Obj 50.628578 18.330826 -1.555598 3.353733 1.897735 1.447046 3.159484
Obj 44.264057 -12.636873 0.251539 3.517828 1.698569 1.571757 1.988645
Obj 6.414663 -18.806002 -0.618911 2.978062 1.229819 1.369754 -1.086035
Obj 9.090633 -20.112148 -0.715140 0.519018 0.527619 1.534151 2.920059
Obj 41.047600 38.218517 1.652879 3.639494 1.831311 1.590581 2.694974
Obj 35.087402 21.967983 -0.497893 0.682711 0.720108 1.980233 -1.916483
Obj 12.294062 -20.117565 -0.215420 3.753496 1.579894 1.586698 -1.421647
Obj 38.102032 37.519863 0.333562 3.857606 1.614962 1.578789 -0.332057
Obj 12.941490 -4.834218 -0.869507 0.573786 0.422045 1.437539 -1.989674
Obj 51.675430 5.783367 -0.940012 3.340038 1.855433 1.380891 3.098650
Obj 26.616245 29.943586 -1.340392 2.798224 1.630286 1.544086 1.828162
Obj 31.057512 28.743713 1.026405 0.588586 0.654227 1.930889 -2.561481
Obj 3.678332 10.015878 -1.016993 4.086857 1.737804 1.724347 3.028934
Obj 13.377025 -14.896414 0.007293 0.541161 0.496833 1.515878 -0.509363
Obj 42.010628 38.866390 -0.475487 4.142580 1.860119 1.427373 -3.078631
Obj 29.150276 -13.668177 0.592121 0.825174 0.688482 1.884003 -2.099792
Obj 27.940613 16.799389 -1.761485 4.122865 1.822377 1.565870 -2.927947
Obj 28.401047 5.845684 -1.138527 3.546491 1.893437 1.382803 -3.147928
Obj 29.198462 -13.541986 0.662138 0.680122 0.677686 1.853229 -2.280005
Obj 5.409303 -14.030030 -0.106373 0.593504 0.428427 1.489139 -0.815622
Obj 30.177559 -4.277108 -1.125230 3.476501 1.694934 1.457908 -2.823844
Obj 29.199741 16.585241 -0.980515 3.706807 1.719801 1.431861 -0.025480
Obj 35.148182 21.936008 -0.387771 0.645313 0.548237 1.791146 3.252550
Obj 45.001328 -10.241142 -0.299667 3.650103 1.665177 1.656802 0.242769
Obj 25.325575 -8.376890 -1.324292 0.632537 0.558834 1.545389 0.639417
Obj 16.056543 20.092316 -0.924200 3.754501 1.935827 1.507225 2.711029
Obj 26.375137 12.546776 -1.124916 3.571753 1.796924 1.348248 -3.112115
Obj 44.995712 30.106638 0.576927 3.199524 1.580779 1.381402 2.950397
Obj 15.974826 -12.079685 -0.661375 0.718201 0.501084 1.683665 1.672688
Obj 51.335964 -8.301911 -0.475873 3.413482 2.161519 1.598303 -3.236740
Obj 33.620899 4.069956 -0.909920 3.694592 1.879019 1.421073 1.504090
Obj 27.785110 31.101507 -0.540498 1.445541 0.487021 1.657267 3.754620
Obj 49.201530 -4.474724 -0.717366 3.707067 1.656018 1.468261 3.048345
Obj 9.269565 -20.034571 -0.380047 0.598837 0.532195 1.638232 2.551499
Obj 42.217884 29.097906 -1.310031 4.001941 1.640310 1.540232 2.821324
Obj 49.873848 28.422384 -1.605376 3.240810 1.930605 1.362967 3.377859
Obj 44.219620 37.958218 0.591312 3.167568 1.637360 1.483440 3.151522
Obj 24.851610 10.649342 -1.667944 3.789349 1.825697 1.569956 -3.105500
Obj 4.409567 9.725082 -1.033846 4.258107 1.533164 1.616214 2.806323
Obj 27.562431 4.718814 -1.146912 2.759771 1.542045 1.403034 -2.563545
Obj 4.453183 -13.815884 -1.263039 0.497422 0.504515 1.538340 -2.303192
Obj 35.810543 8.413352 -1.082110 3.954393 1.713534 1.385902 3.141481
Obj 2.811549 -13.216048 -0.851987 0.662643 0.457266 1.524177 -1.623576
Obj 68.398567 17.961842 0.133389 3.820709 1.692348 1.394651 -2.633140
Obj 6.765949 -6.293109 -0.712936 1.602175 0.591432 1.720945 0.071652
Obj 14.502591 -18.882298 -0.929577 1.771764 0.437373 1.660238 0.543318
Obj 38.978115 -1.590244 -0.978540 3.573360 1.539956 1.450358 2.724765
Obj 48.787483 -8.635921 -0.242917 3.000553 1.715210 1.622388 3.279465
Obj 1.080100 -5.701421 -1.746593 3.435445 1.625392 1.478289 0.868670
Obj 30.059114 -28.251852 -0.904266 1.614311 0.387291 1.628183 -0.348859
Obj 26.547314 31.743383 -1.461307 3.178504 1.344041 1.376565 0.138131
Obj 1.480259 -8.273823 -0.373498 0.764499 0.742315 2.010034 -3.290873
Obj 14.942640 -12.312555 -1.131596 0.534702 0.512041 1.658337 0.784293
Obj 32.069324 -14.469352 0.082521 3.504117 1.500126 1.621958 1.381991
Obj 6.173213 -18.515593 -0.986916 1.472003 0.554731 1.587502 -2.760695
Obj 28.867975 -18.273846 -0.364531 0.757434 0.678769 1.796082 -0.841365
Obj 15.199736 -18.852804 0.015192 2.810283 1.349535 1.373956 -0.451155
Obj 36.775642 10.489037 -1.170371 3.535240 1.677529 1.335475 3.012340
Obj 37.819832 8.966841 -1.214966 3.725174 1.510416 1.406354 3.137490
Obj 2.385513 -29.023092 -0.922373 0.835896 0.663406 1.753435 -2.145730
Obj 33.033550 5.812817 -1.112860 3.975941 1.725111 1.417475 -3.052490
Obj 37.677059 3.539220 -0.983826 3.282003 1.859521 1.385978 -1.422740
Obj 46.221699 30.140753 -0.106415 2.999418 1.656570 1.649720 3.195098
Obj 4.774190 9.967363 -1.056332 3.795716 1.249664 1.589899 -2.935698
Obj 28.168728 7.610857 -1.117337 3.479357 1.591413 1.398655 3.007499
Obj 35.389256 -12.295715 0.052013 3.909239 1.627675 1.489821 -3.026309
Obj 44.427433 -30.463276 2.500921 3.976554 1.528844 1.436297 2.911880
Obj 36.397156 -23.272326 1.594642 3.602481 1.504289 1.439384 0.061885
Obj 32.367214 -22.467487 0.743401 2.599337 1.638391 1.416254 1.202117
Obj 43.173473 -26.256472 0.271286 4.368080 1.845290 1.510651 3.296427
Obj 51.475857 17.751455 -1.245019 2.578350 1.877328 1.351021 -3.037197
Obj 25.271524 22.219147 1.212857 3.470301 1.636584 1.452469 -3.062488
Obj 9.818388 -14.280957 -1.320603 0.563470 0.584109 1.597582 0.043213
Obj 52.256123 10.230130 -1.023595 3.454065 1.749642 1.346447 2.832661
Obj 44.150681 10.282264 -1.037750 3.605106 1.781812 1.400231 2.796166
Obj 60.257587 21.854874 -0.815985 3.165340 1.418856 1.525436 -0.283979
Obj 51.381256 7.787998 -0.982638 3.020915 1.766139 1.348757 3.193455
Obj 14.282715 -18.984257 -1.002435 1.752829 0.430830 1.701503 -0.076541
Obj 16.425627 -20.174551 -0.577701 3.169341 1.552129 1.523992 -0.939101
Obj 34.560513 4.918211 -0.927410 3.528620 1.763870 1.379439 3.005196
Obj 41.656147 -4.302564 -0.789289 3.499281 1.546604 1.382630 -0.315051
Obj 16.264635 -20.163240 -0.741744 0.591612 0.571327 1.600365 -1.035051
Obj 39.126247 11.257548 -0.887556 4.061234 2.042952 1.523347 3.117607
Obj 3.491872 -29.453093 -0.214512 0.737471 0.751647 2.051043 2.835530
Obj 51.099606 25.225840 -1.045422 3.044848 1.946255 1.543573 2.867304
Obj 11.537466 -20.894907 -0.009865 3.618387 1.566683 1.471630 -1.336979
Obj 26.832556 30.340384 -1.500384 0.673774 0.616510 1.819027 2.350094
Obj 32.427967 -10.463683 0.730695 0.532864 0.536707 1.760293 -1.483868
Obj 20.556770 -15.393981 -0.608236 0.575432 0.571460 1.621629 2.962886
Obj 30.404305 4.313929 -1.275130 3.403953 1.845838 1.405064 0.169482
Obj 3.023230 -29.330359 0.021744 0.947150 0.858820 2.158813 2.534914
Obj 44.711586 -9.430465 -0.298074 3.031706 1.723247 1.414012 3.180319
Obj 5.641914 -19.157366 -1.531391 0.710969 0.631740 1.637841 0.472449
Obj 31.511488 5.125524 -1.278430 4.435073 1.893392 1.507311 -0.188330
Obj 19.732487 14.077521 -1.093935 3.021294 1.433505 1.257982 -3.017068
Obj 44.333672 33.155262 2.046280 3.302876 1.786421 1.419325 -3.135555
Obj 5.033453 -14.114518 -0.013925 0.554218 0.530285 1.510622 -1.335838
Obj 28.171560 -22.420757 -0.046237 3.740967 1.556063 1.498812 2.149488
Obj 35.731518 26.735123 -1.150376 3.176633 1.393827 1.376754 3.042441
Obj 16.277124 -11.469580 -0.430773 1.321239 0.603622 1.676000 0.480801
Obj 23.050949 19.047672 -1.124596 3.189571 1.608957 1.286114 3.141292
Obj 5.898020 -18.093323 -1.109950 2.789804 1.178748 1.299209 0.182079
Obj 0.939442 -5.936534 -1.856665 2.945366 1.626551 1.479107 -0.304159
Obj 36.706318 -22.644575 1.203114 3.835911 1.616856 1.550474 0.278844
Obj 30.596642 -6.043425 -0.904358 3.643647 1.432794 1.387096 3.204193
Obj 37.189785 18.786060 -1.132904 3.545277 1.523533 1.333547 2.941876
Obj 3.530682 9.663035 -0.738281 3.732565 1.545302 1.603870 0.579321
Obj 1.773378 -8.106618 -0.614820 0.569794 0.764639 1.736959 -2.935033
Obj 32.835392 -13.793888 0.211606 3.613349 1.945752 1.602581 1.388125
Obj 44.740356 33.694416 1.474790 3.562124 1.691543 1.557454 2.243902
Obj 36.213837 37.592396 0.676350 3.367099 1.708663 1.375429 -2.884721
Obj 34.543331 -21.630802 0.877895 3.733350 1.771317 1.557732 1.237403
Obj 25.263384 -8.537571 -1.165033 0.597835 0.524102 1.586354 -0.489788
Obj 50.266090 22.534208 -1.059578 2.738360 1.480964 1.470536 2.994686
Obj 36.328239 36.055031 1.082143 3.417154 1.665692 1.766641 2.467382
Obj 29.317114 15.612914 -0.986882 4.176936 1.526397 1.461815 -0.015840
Obj 34.775455 6.787207 -1.015053 4.126790 1.541640 1.422428 3.097373
Obj 58.746883 19.653204 -0.339393 1.108321 0.581381 1.493573 -2.628421
Obj 20.708908 -15.660209 -0.820339 0.555945 0.604181 1.633255 3.254116
Obj 43.684433 32.177074 0.675722 2.668675 1.817461 1.506404 2.992992
Obj 9.772254 -18.216738 -0.908616 0.548873 0.558703 1.780802 -1.387455
Obj 27.179052 13.483072 -1.150823 3.658713 1.465066 1.377258 3.304881
Obj 35.007877 -24.897364 1.025921 3.441214 1.514132 1.519808 0.021039
Obj 33.652493 7.826286 -1.141696 3.672949 1.573897 1.374865 -3.297552
Obj 39.704899 -5.886792 -0.657705 3.296699 1.346179 1.278091 0.418256
Obj 13.905211 -17.130699 0.164070 0.778143 0.539840 1.642915 -1.002790
Obj 33.028713 8.992941 -1.190477 3.709379 1.560374 1.440448 -3.287167
Obj 5.994125 -14.076725 -0.516689 0.466355 0.589950 1.471075 -1.149003
Obj 1.068877 9.262019 -0.117141 3.714282 1.831784 1.733209 0.540870
Obj 41.718506 -27.932871 0.712363 3.529943 1.637769 1.496681 -3.038784
Obj 31.127897 -2.886703 -1.474030 4.180133 1.688608 1.601659 1.597248
Obj 5.159996 -14.006063 -0.691773 0.619105 0.579184 1.646921 -0.886920
Obj 30.774395 -3.346366 -1.366441 3.532838 1.973023 1.551586 2.935930
Obj 9.177424 -19.685560 -0.080915 0.574172 0.602929 1.614797 2.993490
Obj 31.991938 8.320156 -1.056362 3.579184 1.761070 1.387837 -3.177741
Obj 39.095058 -7.707926 -0.654169 3.849180 1.384088 1.359708 0.359599
Obj 12.597272 -24.820288 -1.908226 3.562855 1.692642 1.388689 -1.589145
Obj 44.103397 14.411573 -0.992394 3.128296 1.600458 1.424254 1.319821
Obj 11.568546 -23.261873 -1.997703 3.924372 1.547543 1.476284 -1.783422
Obj 6.811010 -5.970600 -0.727295 1.479760 0.346271 1.773540 0.027686
Obj 35.513161 36.438663 1.062142 3.195115 1.523686 1.483514 2.281799
Obj 34.520100 -24.280062 1.528937 4.158633 1.662633 1.645304 -0.194345
Obj 12.894984 -14.408780 -0.315482 0.674575 0.588315 1.685960 1.310305
Obj 46.619335 -9.867910 -0.421185 3.463055 1.497300 1.447660 3.317628
Obj 40.206589 -5.319514 -0.756411 3.594370 1.322162 1.411589 -0.096789
Obj 9.985244 -22.647141 -0.106930 0.707314 0.685155 1.734984 -1.876893
Obj 36.575016 38.566113 1.611778 3.356638 1.647773 1.570150 -2.896952
Obj 49.260494 36.503551 0.674415 2.886577 1.746286 1.488931 3.106845
Obj 60.131004 -8.246315 -0.174621 3.168048 1.891523 1.482718 -3.078421
Obj 42.715424 -37.135513 1.844901 3.392299 1.693834 1.512830 3.155838
Obj 46.919479 11.627534 -0.812234 3.173681 1.888964 1.310942 2.998629
Obj 40.743671 19.712698 -1.115708 2.776073 1.676493 1.371995 3.524678
Obj 58.154869 20.906122 0.228405 2.927808 1.332797 1.383743 0.111348
Obj 31.220675 -5.099879 -0.824551 3.691852 1.490814 1.444366 3.132722
Obj 35.471462 -5.740688 -0.914116 3.559514 1.548203 1.355468 0.281254
Obj 21.346561 -16.105089 -0.546223 4.285368 1.591834 1.537685 0.205457
Obj 27.912577 13.864972 -1.094644 2.634213 1.696052 1.323280 3.077612
Obj 50.104912 26.610369 -0.871565 3.065532 1.910676 1.362458 3.210050
Obj 15.661958 -20.780821 0.201482 3.851860 1.363149 1.506860 -2.132325
Obj 52.794121 22.545551 1.103461 0.765785 0.607406 1.741219 -0.099168
Obj 40.536690 35.039265 0.927980 4.421356 1.912892 1.607681 -2.830325
Obj 45.627491 38.090073 1.732084 3.929828 1.666267 1.587902 3.058955
Obj 49.842129 25.488485 -0.949440 2.965611 1.860889 1.475829 3.328903
Obj 37.000378 34.114117 -0.918743 3.279863 1.660832 1.414380 -3.234100
Obj 35.148540 -7.716777 -1.052798 3.562647 1.533182 1.315979 1.201307
Obj 30.423038 -18.950674 0.409423 0.562245 0.631335 1.762910 -0.002004
Obj 33.262428 15.239693 -1.177880 3.758852 1.689524 1.369215 3.113789
Obj 35.814083 36.764515 1.261552 3.844262 1.561239 1.567667 1.145409
Obj 44.097778 -27.228706 1.075081 3.841615 1.648510 1.598477 3.001577
Obj 23.649918 15.784245 -1.109703 3.204786 1.255287 1.346284 2.873716
Obj 27.952724 3.513627 -1.165144 3.640320 1.570486 1.366754 -0.640851
Obj 12.370914 -17.737883 -0.564871 0.581494 0.477628 1.639159 2.696784
Obj 9.234680 -19.476540 -0.190741 0.556211 0.565405 1.602801 2.831384
Obj 43.722488 -10.301068 -0.176914 3.698446 1.556673 1.640245 0.252316
Obj 42.407990 31.271404 -1.884937 3.753779 1.833593 1.547353 1.853091
Obj 4.500816 -13.093123 -1.025710 0.514244 0.440545 1.458029 3.357106
Obj 26.988594 31.737293 -1.634424 3.693862 1.263399 1.369325 1.706925
Obj 49.638004 10.747869 -0.819420 3.864619 1.494106 1.408234 2.676439
Obj 7.612615 -18.147768 -1.104917 3.456059 1.540983 1.449012 -1.300793
Obj 32.123821 -12.216229 0.002710 0.585847 0.650830 1.599414 0.966233
Obj 5.325043 -14.152602 -0.284474 0.484787 0.613467 1.514347 -0.779161
Obj 31.540033 -17.768433 -1.293037 2.692973 1.814785 1.495529 -3.268462
Obj 8.136013 -16.429104 0.221880 0.460585 0.614102 1.620234 -0.952039
Obj 41.889030 -4.160575 -0.786234 4.285614 1.683177 1.504486 -0.060362
Obj 14.090603 17.203411 -1.116635 3.433493 1.639150 1.359468 3.240747
Obj 12.043108 -18.736948 -0.168265 0.565355 0.771889 1.700208 -0.676347
Obj 34.040363 -4.357961 -0.956541 2.893939 1.905606 1.379995 1.912957
Obj 55.978275 -8.445337 -0.651531 2.592044 2.128977 1.494871 3.599532
Obj 36.887260 -20.415257 0.410166 3.755840 1.628926 1.543813 -0.290129
Obj 40.638416 33.231205 -0.944009 3.578065 2.138896 1.455209 3.026761
Obj 22.441872 -29.128815 -2.679285 0.493912 0.604350 1.749422 0.415961
Obj 18.579987 -19.052294 -1.665848 3.772491 1.835528 1.506916 -2.837507
Obj 47.761742 22.376637 -0.268762 0.628730 0.569470 1.667803 -0.178524
Obj 21.569027 18.604927 -1.047308 3.571899 2.261711 1.425800 2.589420
Obj 40.392616 37.619003 1.564713 3.618527 1.719224 1.513599 2.999993
Obj 38.593807 -9.261777 -0.416357 3.467778 1.787588 1.478906 -0.120817
Obj 29.514784 12.512987 -1.099204 3.155354 1.962411 1.353564 -2.912005
Obj 31.983961 7.201585 -1.110689 3.747293 1.420752 1.357677 -2.435597
Obj 35.181568 22.067081 -0.291356 1.339346 0.596855 1.605596 3.182057
Obj 16.107088 -11.876907 -0.710750 0.603855 0.470788 1.603391 1.085723
Obj 12.045815 -23.676424 -2.161702 3.003602 1.569813 1.360019 -1.552403
Obj 45.144653 26.580910 -0.531924 0.519623 0.531450 1.538986 1.658855
Obj 40.380192 37.082321 1.719676 2.991375 1.384753 1.455384 2.958687
Obj 5.396049 -18.387012 -1.335015 1.272938 0.471900 1.532687 0.126399
Obj 46.395851 -5.564724 -0.679127 3.629873 1.405097 1.438832 0.147237
Obj 14.187042 -17.108185 -0.177938 0.643806 0.630727 1.599669 -0.910619
Obj 7.590997 -13.895885 0.519833 0.688537 0.557108 1.671015 -2.134044
Obj 4.914881 -18.409832 -1.004598 1.551528 0.532033 1.674147 0.387578
Obj 33.026634 -4.853595 -0.969080 3.674312 1.466293 1.381088 3.012173
Obj 47.903912 22.729202 -0.373132 1.298536 0.536320 1.572638 0.258930
Obj 11.508307 -22.303751 -1.299860 3.051223 1.412989 1.423132 -1.419676
Obj 32.597439 -28.858936 -1.779452 2.465871 1.310897 1.332500 0.300260
Obj 18.272549 -22.906425 -1.670536 3.974581 1.698052 1.611009 -1.637839
Obj 59.163036 20.525282 -0.342304 4.009913 1.583421 1.867953 -0.146720
Obj 37.480465 37.802147 1.509792 3.383417 1.852037 1.651467 -3.096384
Obj 1.523913 11.052950 0.220640 3.553293 1.420256 1.374250 -1.475484
Obj 30.228781 -18.971121 0.442214 0.616532 0.660109 1.750077 0.181894
Obj 43.959023 -10.490039 -0.250452 3.682784 1.965400 1.660699 1.722490
Obj 5.896269 -14.375696 -0.339387 0.471140 0.588920 1.583544 -1.457139
Obj 16.203487 -18.904991 -0.741935 3.548229 1.785022 1.467541 -2.270498
Obj 0.591828 9.170895 -0.002412 3.753263 1.350824 1.550508 2.553387
Obj 35.102478 -23.437223 0.731398 3.312789 1.499787 1.573278 0.299521
Obj 25.290640 29.704788 -1.864154 3.036623 1.510235 1.375734 2.080610
Obj 50.126541 7.555437 -1.048668 3.010880 1.628354 1.323297 3.003023
Obj 20.705622 16.357065 -1.145531 4.294593 1.573318 1.430094 3.165996
Obj 48.425537 26.712873 0.941803 3.105094 1.193672 1.502014 3.288073
Obj 2.947672 10.432679 -0.940134 3.184928 1.471239 1.587755 1.569729
Obj 33.731182 -20.955959 0.161781 3.453346 1.833592 1.458770 2.202592
Obj 34.359074 0.327575 -1.267098 3.753702 1.591561 1.370684 2.362016
Obj 40.332104 5.040220 -0.751729 2.697638 1.679695 1.220788 3.114069
Obj 43.719101 -9.939821 -0.449151 1.505072 0.509115 1.569538 0.920454
Obj 6.597178 -28.638315 -1.685261 1.052084 0.545029 1.524642 -2.884788
Obj 44.040901 25.336329 1.174310 3.472776 1.586182 1.496358 -0.316901
Obj 5.425789 -13.838601 -0.694760 0.615111 0.534143 1.632261 -0.776892
Obj 14.470819 -12.722183 -1.016811 0.780821 0.614483 1.630017 1.399099
Obj 54.630592 -8.094022 -0.716319 3.129019 1.995453 1.554716 -3.106776
Obj 27.922497 14.603380 -1.119771 3.213203 1.392147 1.366997 2.999881
Obj 39.535492 6.519144 -1.010947 3.645877 1.453689 1.299287 -3.129393
Obj 12.799770 -22.388315 -1.093544 2.758461 1.944175 1.474769 -1.665832
Obj 43.990318 30.320288 -0.741397 3.256654 1.847196 1.576089 2.714674
Obj 36.565495 -20.677782 -0.627962 4.059179 1.799871 1.458263 -1.402165
Obj 46.620438 28.483471 0.445846 3.530035 1.681910 1.633876 1.925419
Obj 36.218670 35.882797 0.906625 3.558907 2.143853 1.793095 0.025760
Obj 35.388908 35.623238 1.056324 3.904211 2.374852 1.726794 0.013265
Obj 33.432610 13.412168 -1.205507 3.776897 1.523025 1.430138 3.142498
Obj 26.327608 -4.755949 -1.329753 3.343246 1.857158 1.340414 3.316448
Obj 37.365135 7.381543 -1.052004 3.399490 1.592104 1.315816 2.851796
Obj 54.534237 -6.635567 -1.243942 4.358652 2.170890 1.519612 -3.058110
Obj 33.868786 10.699882 -1.240966 4.209826 1.609038 1.430115 2.850446
Obj 14.493524 -21.865761 -1.333344 3.787876 1.704437 1.547258 -1.477963
Obj 45.311035 28.790644 -0.562800 3.384340 1.749389 1.397715 2.639395
Obj 43.667721 29.217979 1.254944 3.593600 1.612586 1.553555 3.125266
Obj 35.838734 36.749058 1.269358 4.005158 1.466775 1.632943 0.020340
Obj 4.771233 -13.363654 0.059910 0.582440 0.437432 1.513883 -1.169486
Obj 39.019390 6.979217 -0.950723 3.744716 1.694111 1.402030 2.736634
Obj 32.168289 -19.692591 1.111843 0.672542 0.549181 1.678875 0.308185
Obj 33.856949 -19.130911 -0.228171 3.359083 1.208974 1.457619 3.120965
Obj 9.826215 -18.077286 -0.883347 0.472784 0.565907 1.718141 -0.196370
Obj 40.964085 6.431767 -1.017214 3.755615 1.834744 1.385418 3.012130
Obj 0.543391 -5.999841 -1.882929 3.517524 1.546711 1.427104 2.109883
Obj 31.957813 -19.219915 1.343729 3.355371 1.891488 1.532668 1.005104
Obj 44.023300 -8.647224 -0.546881 2.950849 1.492702 1.403547 0.066305
Obj 36.181240 -8.371013 -0.914665 3.630177 1.550261 1.437796 1.962904
Obj 14.208396 -18.719765 -1.094522 4.339483 1.701335 1.610263 -0.813140
Obj 31.191574 -18.741369 -0.194562 0.640357 0.541940 1.725464 0.788397
Obj 26.547152 31.343695 -1.708409 3.808590 1.196960 1.406720 1.600010
Obj 13.404375 17.908829 -1.270621 3.176921 1.456639 1.263505 2.928405
Obj 31.692240 -13.772257 -0.552750 3.306421 1.397106 1.491444 1.008596
Obj 11.503823 -23.498417 -0.671226 2.833538 1.550661 1.460051 -0.544838
