Obj 9.770151 -3.374688 -0.917882 4.189544 1.679202 1.910511 -0.191776
Obj 34.721245 -3.269706 -1.586855 3.811269 1.643709 1.480848 0.048334
Obj 9.461815 -3.621066 -0.927993 3.665347 1.670616 1.696238 -0.153969
Obj 9.741460 -2.785759 -0.983186 3.990859 1.452434 1.676055 -0.073702
Obj 38.309063 2.722506 -1.342991 1.676839 0.448938 1.778336 -0.316544
Obj 67.902603 -4.998215 -0.579512 3.301730 1.276193 1.535735 2.960401
Obj 61.438534 1.235279 -2.227314 4.234303 1.699766 1.565466 -2.874557
Obj 9.721252 -1.997944 -0.841462 3.703016 1.652053 1.668089 -0.083866
Obj 0.606566 -4.053234 -0.864635 0.737566 0.561681 1.722287 -2.738184
Obj 0.224270 4.477368 -0.755306 0.637387 0.696041 1.797989 -0.938132
Obj 51.172131 -4.740442 -0.799270 0.730099 0.606786 1.726132 2.411628
Obj 0.679486 -4.088256 -0.812754 0.733453 0.651093 1.741214 -0.465265
Obj 0.239735 -3.982075 -0.906049 0.594748 0.586015 1.663822 -2.308024
Obj 0.453310 -3.967709 -0.972350 0.590187 0.487160 1.666763 2.956661
Obj 34.466225 -2.594002 -1.461483 3.802050 1.624479 1.547136 0.004646
Obj 62.107998 -5.558670 -0.699010 3.886675 1.652606 1.706611 3.097877
Obj 48.356323 2.990202 -1.556036 0.856331 0.520471 1.735818 1.193159
Obj 61.783081 0.634533 -2.122357 4.171696 1.683773 1.686049 -2.382652
Obj 6.065829 4.027334 -0.759613 1.570493 0.547528 1.657719 3.354710
Obj 33.846722 -1.633729 -1.377744 4.107301 1.805138 1.505649 0.350072
Obj 6.366884 4.214496 -0.767755 1.358012 0.681979 1.836859 -2.726813
Obj 23.767624 3.307165 -0.894066 0.577662 0.495552 1.791055 -1.878390
Obj 61.701710 -4.583427 -0.706812 3.711834 1.981095 1.559391 -0.025655
Obj 32.475544 -1.401492 -1.343996 3.887238 1.795680 1.498838 -0.014455
Obj 7.255554 4.830566 -0.852281 3.349739 1.564374 1.334870 -2.985916
Obj 16.511930 3.601407 -1.120855 1.581725 0.556600 1.668899 -3.126080
Obj 21.813961 3.208082 -0.747726 0.829964 0.810113 1.882438 2.384365
Obj 14.552577 3.860881 -1.183421 0.538393 0.540774 1.752563 -2.283944
Obj 61.505600 -0.319072 -2.134495 3.039488 1.729781 1.457406 -2.670598
Obj 60.605083 1.719180 -1.761949 4.140832 2.259001 1.841451 -2.694375
Obj 10.386830 -39.921452 -2.866055 2.582749 1.743588 1.593296 2.455239
Obj 13.552773 -34.726391 -1.824503 3.884649 2.016492 1.971420 2.254031
Obj 48.116264 -5.240512 0.687277 3.748733 1.441391 1.523831 -0.083732
Obj 53.796452 3.079577 -1.696795 4.245533 1.564321 1.425203 -0.029280
Obj 56.005444 2.768373 -1.577805 1.160637 0.558574 1.673274 -0.066045
Obj 67.664963 -4.624726 -0.622441 4.212212 1.567914 1.615076 2.997550
Obj 5.837183 -24.971418 -4.334968 3.013000 1.873485 1.371309 3.088362
Obj 37.002285 -2.080610 -1.497331 4.578649 1.662287 1.507475 -0.310410
Obj 0.260702 4.411275 -0.729261 0.911773 0.657569 1.634955 -1.444761
Obj 13.303442 -35.102074 -1.234921 4.073901 1.515546 1.674356 2.311907
Obj 23.857775 3.313765 -0.782053 0.893643 0.666366 1.891438 -1.006471
Obj 60.343613 -5.274033 -0.752571 0.605174 0.741020 1.530882 0.891188
Obj 14.553444 -37.240295 0.181535 4.032565 1.765972 1.574311 2.390766
Obj 3.806127 4.519492 -0.966879 0.607458 0.486261 1.466492 -1.873006
Obj 38.455498 2.704952 -1.150071 0.817163 0.557946 1.928020 -0.299435
Obj 9.333875 -36.242847 -5.739167 3.165035 1.566033 1.496283 2.952595
Obj 32.599464 0.199676 -1.393354 3.765604 1.665269 1.440956 -0.254325
Obj 1.463230 4.549393 -0.844627 0.806518 0.671714 1.722000 1.578860
Obj 6.175907 -31.097752 -4.033280 1.830993 0.505654 1.754735 0.075812
Obj 34.868145 3.473686 -0.210842 0.891584 0.622094 1.983527 -0.734055
Obj 6.255774 -30.776415 -4.053495 3.915017 1.503520 1.531583 -0.191465
Obj 1.841076 4.597489 -0.929390 0.742119 0.546324 1.615695 -1.791757
Obj 14.380550 4.031337 -1.030330 3.221226 1.627202 1.350703 3.369267
Obj 28.866322 -4.415641 -1.270875 0.620602 0.550808 1.598086 2.731783
Obj 9.736364 -23.513319 -3.510554 3.183865 1.446452 1.400627 2.619071
Obj 34.523380 -3.607763 -1.431343 3.911753 1.618080 1.498905 -0.126953
Obj 17.189495 3.344481 -1.128463 3.164333 1.310403 1.329429 -2.667386
Obj 60.636379 2.205092 -1.628754 3.207333 1.648857 1.791077 -2.948102
Obj 44.877758 -4.603386 -0.324589 0.702693 0.578138 1.754747 2.571965
Obj 2.713602 4.638869 -0.819356 0.627555 0.598313 1.522889 -1.239072
Obj 13.492850 -36.777607 -0.477464 3.902674 1.806820 1.821735 0.784664
Obj 7.040333 3.990433 -0.891997 0.692626 0.504765 1.527266 -1.670943
Obj 42.558453 -5.811378 -0.357793 3.639286 1.561469 1.486580 2.887316
Obj 0.444545 -4.056817 -0.893069 1.599873 0.569437 1.764029 -2.633617
Obj 61.583813 2.479517 -1.357228 3.900998 2.192411 1.693703 -2.837861
Obj 3.585735 4.473996 -0.989209 0.710984 0.528840 1.427244 -1.717877
Obj 2.729700 -8.749951 -1.004771 1.105843 0.400173 1.492596 0.101820
Obj 20.544310 2.480638 -0.603170 4.632123 2.019424 2.080513 -0.045165
Obj 41.512627 -5.719619 0.052750 3.923025 1.601634 1.563053 -0.898261
Obj 66.944992 -5.370000 0.754358 3.281278 1.600101 1.463700 3.238213
Obj 15.594425 3.890540 -1.281893 1.548269 0.696047 1.506694 3.268345
Obj 9.514851 -4.100198 -0.740468 6.198695 2.377741 2.033176 -0.492930
Obj 0.745503 -4.007587 -0.892705 0.718539 0.519821 1.766324 -0.514176
Obj 29.351080 0.315453 -1.327045 3.510571 1.578420 1.430889 -0.460824
Obj 16.177803 3.878091 -1.002921 0.880453 0.677363 2.106153 -3.341561
Obj 50.159016 -4.531017 -0.020927 3.926770 1.879291 1.570337 -1.613077
Obj 7.138275 -28.027723 -4.488045 3.932578 1.647977 1.514948 2.999370
Obj 24.111238 3.401417 -0.502236 1.742847 0.515677 1.731195 0.111413
Obj 14.577357 -37.895054 -0.167935 4.083311 1.637322 1.495554 2.619261
Obj 1.764894 4.559433 -0.991840 0.683617 0.433875 1.467868 3.131296
Obj 6.201166 -2.224570 -3.690727 3.383882 1.701279 1.519104 -0.354799
Obj 0.436982 4.468443 -0.789421 0.713305 0.698403 1.836136 -1.664780
Obj 13.633431 -36.000252 -0.792164 4.017039 1.655727 1.576581 2.491596
Obj 52.352238 3.105819 -1.678661 3.271528 1.683965 1.436249 -0.211272
Obj 7.052101 4.076390 -1.026604 0.523375 0.593104 1.460844 3.500823
Obj 2.089212 4.667680 -0.945870 0.641349 0.600292 1.506897 -1.674165
Obj 1.746753 -3.948307 -1.065025 0.546351 0.510129 1.577302 -1.574373
Obj 14.233727 3.912563 -1.144035 1.205333 0.577100 1.718244 3.288053
Obj 24.179295 3.022843 -1.044499 0.708754 0.668676 1.696140 1.677605
Obj 2.512398 -8.628918 -1.460415 0.614859 0.728596 1.609292 1.930935
Obj 1.295715 0.398407 -1.091481 3.380013 1.715913 1.510603 -0.222072
Obj 67.888664 -0.743440 -1.426253 3.612470 1.624198 1.391090 2.993921
Obj 34.658592 3.612881 -0.427909 0.677686 0.768978 1.868403 -1.523990
Obj 5.214799 4.534323 -0.793325 0.836470 0.574010 1.626572 -1.661523
Obj 6.747929 4.312965 -0.890722 1.738816 0.665084 1.891467 -2.825781
Obj 2.520797 4.549563 -0.942527 0.689933 0.561194 1.615467 -1.355083
Obj 0.221189 -4.056626 -0.777714 1.053090 0.734746 1.737155 -1.407798
Obj 15.378919 3.666706 -1.235941 1.098869 0.674981 1.399195 2.654796
Obj 5.772112 -31.445080 -4.091615 3.887471 1.490343 1.784553 -0.153150
Obj 36.469151 -3.343989 -1.419887 4.094120 1.829152 1.484954 -1.244504
Obj 7.036139 4.278600 -0.936521 0.773848 0.539982 1.698257 3.062483
Obj 7.061049 4.144620 -0.928716 1.318452 0.533142 1.449551 -3.133152
Obj 63.250980 2.204382 -1.214276 3.425846 1.415178 1.573210 3.356179
Obj 42.198128 -5.516952 -0.285176 4.060317 1.687400 1.640237 -0.198137
Obj 5.852652 4.334093 -0.888479 1.002421 0.521395 1.519580 2.659977
Obj 3.591272 -3.996140 -1.232349 0.410534 0.628989 1.509071 2.579901
Obj 26.101852 -4.537904 -1.096927 1.615286 0.541827 1.677255 -0.189044
Obj 2.274884 4.425365 -0.900613 0.705034 0.613147 1.518063 1.960698
Obj 13.742347 -36.404888 -0.315273 3.800819 1.775723 1.730919 -3.357950
Obj 13.288438 -36.620316 -1.725535 3.297242 1.740088 1.532044 2.485185
Obj 14.664800 3.911213 -0.848214 0.791738 0.921584 2.033814 -2.075460
Obj 13.546131 -35.535038 -0.851295 4.157863 1.716618 1.869846 2.729874
Obj 3.054428 4.562820 -0.830529 0.851388 0.622822 1.746773 -1.733064
Obj 15.674432 -38.522793 0.132123 3.289598 1.797168 1.631814 2.326799
Obj 41.809441 -4.575530 -0.225617 0.625662 0.540653 1.699421 0.635069
Obj 45.308277 1.924720 -2.226334 3.922576 2.059907 1.674113 -3.122741
Obj 12.712459 -36.328175 -0.903286 3.426282 1.652549 1.575342 2.964224
Obj 62.666191 3.131623 -0.649244 3.385387 1.735085 1.514141 3.398324
Obj 10.180734 -39.806465 -2.850011 2.862904 1.732588 1.577699 2.822832
Obj 0.518056 4.520692 -0.741448 0.934466 0.860143 1.799566 -1.134641
Obj 17.518967 3.349431 -0.579031 0.674419 0.482558 1.834077 -1.852865
Obj 13.760903 -37.538555 0.166365 3.640772 1.767647 1.590816 2.543314
Obj 62.930328 1.862066 -1.391334 3.615854 1.630152 1.630766 -2.862629
Obj 23.188925 -4.529350 -0.108873 0.533602 0.848775 1.971491 -2.856205
Obj 6.078495 -30.894669 -3.978173 1.892876 0.491174 1.807321 -0.298439
Obj 63.010319 -0.333307 -1.913877 3.586161 1.356699 1.721491 -2.907186
Obj -0.913916 -4.302645 -0.848816 3.916871 1.634946 1.394536 -1.367142
Obj 16.867506 3.337395 -0.671227 0.820679 0.669784 1.881723 -1.381634
Obj 47.062950 -9.440171 1.780392 4.267820 1.699511 1.583933 -1.795059
Obj 32.811604 0.925374 -1.412340 4.171195 1.508238 1.458397 -0.607548
Obj 64.862190 -2.009373 -2.063734 3.137223 1.759266 1.453743 -3.295705
Obj 65.193382 2.475192 -0.200132 3.556319 1.601794 1.638711 -3.091254
Obj 16.147270 3.246242 -1.130281 0.722908 0.667007 1.611215 -2.794758
Obj 9.671371 -24.577675 -2.475387 2.928110 1.521816 1.451154 2.240989
Obj 5.756289 4.638999 -0.950654 1.042263 0.628746 1.599617 3.064532
Obj 52.712738 2.248055 -1.584852 3.599499 1.893460 1.692101 -0.065923
Obj 16.522053 3.344922 -1.220313 1.562014 0.666511 1.642387 -2.601677
Obj 4.365266 -17.440939 -2.870599 3.789127 1.758520 1.511958 0.165800
Obj 44.822556 2.438202 -2.034605 4.072570 1.571626 1.464270 1.310246
Obj 9.510903 -39.819138 -2.861290 0.574144 0.676258 1.628007 2.306977
Obj 0.113602 4.500974 -0.670553 0.736392 0.589049 1.696222 2.148078
Obj 31.033047 3.778724 -0.938876 0.541578 0.478333 1.659655 0.914170
Obj 1.592854 4.697276 -0.720919 0.764700 0.641123 1.555152 0.972835
Obj 37.683529 -0.477091 -1.593164 3.649147 1.600637 1.446165 -0.429951
Obj 1.622063 -4.537475 -0.613293 4.544250 1.772237 1.725809 -0.107230
Obj 34.991779 -2.450917 -1.535430 4.272785 1.528108 1.453057 -0.083097
Obj 4.199120 4.447105 -0.662706 0.822084 0.547450 1.696232 -1.692362
Obj 17.354656 4.266625 -1.038759 3.692198 1.836195 1.528891 -3.106726
Obj 13.662287 -38.347073 0.396299 4.070885 1.515724 1.787413 2.329524
Obj 3.338745 -3.971798 -1.142056 0.382668 0.527212 1.486293 2.551063
Obj 29.071939 -4.246279 -1.121209 0.754578 0.841168 1.669362 0.239201
Obj 45.183422 -4.493051 -0.224349 0.782582 0.526985 1.759564 -0.144669
Obj 12.858876 3.124152 -0.498794 4.396349 1.858258 1.884071 0.052262
Obj 5.049497 4.475891 -0.753499 0.715878 0.553448 1.519640 -1.532549
Obj 68.544930 -5.614253 -0.183756 3.397114 1.585647 1.693467 2.948730
Obj 18.156277 3.264032 -0.545559 2.846633 1.759766 1.486142 -2.354503
Obj 21.254114 4.268397 -1.008715 3.823933 1.879602 1.489224 3.146029
Obj 57.345150 3.940598 -1.227087 3.839554 1.427234 1.457743 0.023899
Obj 13.066175 4.043116 -0.980905 1.399608 0.821478 1.851384 -0.125808
Obj 10.681814 -3.044301 -0.966511 3.902383 1.559005 1.666313 -0.519412
Obj 3.073860 -8.802477 -1.099826 1.084167 0.447961 1.460389 1.109803
Obj 64.326736 2.605891 -0.776183 3.133402 1.333083 1.505629 3.529757
Obj 64.005005 -0.447322 -2.087525 3.009113 1.297237 1.505347 -2.761157
Obj 23.351641 3.311934 -0.796604 1.148173 1.098120 1.830295 -2.929738
Obj 32.860989 -5.222670 0.290068 4.834035 1.888506 1.758162 0.427130
Obj 64.697433 2.519737 -0.759621 3.194591 1.411191 1.613161 -2.647725
Obj 0.212640 -1.151246 -0.860020 3.535766 1.701931 1.529135 -0.317996
Obj -0.303604 -2.189429 -1.086572 3.297793 1.847390 1.490664 -0.009437
Obj 41.049549 -4.432268 -0.125666 1.749878 0.586134 1.815882 -2.930937
Obj 21.168095 3.695001 -1.073302 1.353197 0.697615 1.647600 -2.762346
Obj 20.336479 3.098770 -1.022880 1.438983 0.787828 1.749866 -3.049894
Obj 16.403706 3.388223 -1.080441 0.723239 0.733850 1.814308 -2.600259
Obj -1.060061 -4.564311 -0.753072 4.339884 1.441016 1.512385 -0.964602
Obj 50.675343 -3.066321 -1.715590 3.429321 1.709049 1.409932 -0.089106
Obj 4.416761 4.449415 -0.646640 0.837828 0.734219 1.735619 -1.179700
Obj 48.878418 2.596642 -0.831825 3.632801 1.971987 1.485682 -0.120129
Obj 1.634989 4.519735 -0.737705 0.840692 0.675131 1.809531 -1.556446
Obj 15.089633 -4.249527 -0.253242 0.640405 0.709114 1.519032 1.362197
Obj 8.968840 4.928381 -0.794909 3.689566 2.071841 1.528982 3.300560
Obj 9.131373 -38.471889 -4.189789 1.599346 0.496926 1.561804 2.322541
Obj 15.977100 2.944052 -1.058639 3.547808 1.283236 1.310191 3.231208
Obj 9.431485 -23.044676 -3.474284 3.559630 1.630887 1.433195 2.014571
Obj 11.607520 -37.711586 -3.716409 2.993116 1.423743 1.408141 2.719753
Obj 10.210279 -37.148006 -4.566595 3.355946 1.518847 1.606452 2.939975
Obj 3.799526 -17.287710 -2.733360 3.588181 1.773442 1.424905 0.904325
Obj 1.419915 4.531324 -0.788342 0.772458 0.653547 1.636096 -1.523969
Obj 27.652241 -4.527282 -0.748906 0.539119 0.546122 1.548065 -0.070247
Obj 6.923849 4.412399 -0.838013 0.799062 0.640335 1.764187 3.336244
Obj 8.130738 -38.170750 -5.781789 2.719664 1.560871 1.412562 2.705170
Obj 0.631940 4.553566 -0.720642 0.688496 0.694809 1.837490 -1.057166
Obj 14.621224 2.888690 -0.437545 5.096549 2.088284 2.057256 0.002225
Obj 5.515977 4.563642 -0.721324 1.432310 0.610856 1.638844 -2.662184
Obj 25.168150 -4.192442 -1.061328 3.518135 1.520695 1.591192 -0.267635
Obj 29.150291 -1.310387 -1.391034 3.122836 1.929839 1.449547 -0.258709
Obj 44.803043 2.331923 -2.303013 4.002766 1.767143 1.622503 2.268027
Obj 3.528250 4.591095 -0.880737 0.594716 0.550510 1.380034 2.556546
Obj 26.552900 3.506136 -0.983767 0.493985 0.579000 1.871976 -2.195103
Obj 8.488494 -2.879626 -0.873323 1.373459 0.775065 1.945402 0.001822
Obj 36.610954 1.704033 -1.545971 3.967942 1.473183 1.481309 -0.510236
Obj 35.813076 -4.402235 -1.372576 1.457657 0.434627 1.576130 0.165300
Obj 13.515432 -39.080849 0.587744 4.223163 1.803258 2.118276 2.538471
Obj 1.176062 4.616110 -0.899666 0.423063 0.533830 1.706919 0.794265
Obj 3.242012 -8.624720 -1.111264 1.063431 0.472514 1.510942 0.413410
Obj 0.944719 -3.871106 -0.812993 0.870087 0.732568 1.718976 -3.231104
Obj 16.213993 2.934925 -0.277030 0.957751 0.833413 2.100784 -1.789085
Obj 35.740837 -4.521578 -0.436048 3.478578 1.924081 1.546422 0.281715
Obj 7.319497 4.003282 -0.465652 0.852343 1.035495 2.068404 -1.471242
Obj 63.914612 1.986011 -1.148012 3.358725 1.451870 1.612949 -2.458457
Obj 24.335533 3.352225 -0.457604 0.685140 0.643213 1.696225 0.473481
Obj 23.270193 -5.864184 -0.869460 0.583389 0.603407 1.768442 -2.690264
Obj 9.294287 -34.043278 -5.458966 3.681678 1.658830 1.346884 2.924787
Obj 10.594702 -38.241329 -1.850600 3.449397 1.574072 1.604692 2.444381
Obj 29.578747 0.709345 -1.364677 3.675158 1.896554 1.459648 0.033113
Obj 5.606857 -32.011642 -4.219411 3.732404 1.459539 1.532736 -0.228882
Obj 3.264361 4.504121 -1.161444 0.625353 0.477314 1.314505 2.428264
Obj 13.602424 -35.036194 -1.412557 3.575113 1.628831 1.529286 -3.239395
Obj 18.266983 2.589434 -0.758238 3.482326 1.666274 1.399281 -1.921520
Obj 11.870392 -36.591770 -1.808493 0.583978 0.497796 1.915988 2.492590
Obj 15.847694 -39.004654 0.575445 3.745774 1.618166 1.610078 1.961939
Obj 37.032703 2.966374 -1.637491 1.109080 0.475562 1.481863 -0.119711
Obj 44.077038 3.523174 0.580038 3.504908 1.931156 1.512002 -0.260820
Obj 33.630260 -4.174699 -1.092398 4.065563 2.433607 1.901652 0.055161
Obj 69.851852 2.216772 0.535902 3.835584 1.094150 1.574640 -2.238700
Obj 67.841568 -0.723063 -1.688295 3.890680 1.902289 1.511960 -2.310011
Obj 9.757164 4.075417 -0.616663 1.523017 0.955391 1.878105 2.918462
Obj 1.115315 -5.083281 -0.843243 4.121358 1.895809 1.737781 0.329636
Obj 20.755495 3.523518 -0.996085 1.448535 0.788079 1.753724 3.076860
Obj 6.695045 4.160459 -0.918487 1.768117 0.584500 1.620707 3.338467
Obj 6.037528 4.099387 -0.721993 1.760451 0.757437 1.989784 -2.093391
Obj 10.201169 4.149336 -0.775883 3.647115 1.828074 1.831210 -3.165002
Obj 10.654730 4.112452 -0.851751 2.129949 0.811346 2.012331 3.203539
Obj 21.506672 3.158316 -0.566704 3.800143 2.386544 1.749722 3.107452
Obj 16.179119 3.738662 -0.991153 4.610521 1.406064 1.497404 2.954619
Obj 53.695957 0.237856 -1.880646 3.577574 1.515785 1.504845 0.234198
Obj 1.859061 -3.841822 -0.819856 0.789942 0.692193 1.672614 -1.288337
Obj 41.790184 -4.739081 -0.268171 1.454527 0.478715 1.652610 0.337945
Obj 0.127827 -3.838975 -0.853389 3.715015 1.315967 1.722332 -2.631613
Obj 3.156974 -8.549013 -1.311587 0.369385 0.477731 1.395169 1.209345
Obj 2.627678 -8.590490 -1.142080 1.047423 0.427485 1.464189 0.428614
Obj 49.955555 -4.545304 -0.205827 3.207725 1.579845 1.620638 -0.812286
Obj 68.117294 1.461087 0.098700 3.797957 1.476468 1.758037 -2.856414
Obj 39.778900 -4.237400 -0.093274 3.798289 1.791329 1.661691 -3.373357
Obj 63.361126 0.236322 -1.724208 3.837044 1.358880 1.535310 -2.995723
Obj 42.922901 -1.972507 -1.637364 3.121519 1.216187 1.298122 -1.363875
Obj 21.789534 3.301204 -0.567265 1.872327 0.747164 1.986460 3.015660
Obj 2.699771 -8.621833 -1.240782 0.441340 0.597929 1.618327 1.498053
Obj 32.299667 -4.254297 -1.444457 1.564670 0.495880 1.554754 -1.141369
Obj 9.068596 4.342671 -0.811770 1.386023 1.060382 1.869777 3.053603
Obj 6.180487 4.390921 -0.739698 1.585771 0.468273 1.468875 -1.573258
Obj 24.620054 3.498569 -0.770044 1.094575 0.645667 1.692449 -0.309900
Obj 44.883293 -4.672042 -0.399071 1.235017 0.403144 1.501070 0.259581
Obj 37.626614 0.386817 -1.550484 3.814589 1.989389 1.546086 -0.536793
Obj 68.352081 0.711206 -1.074849 3.456646 1.698533 1.555770 -2.133865
Obj 16.436514 1.512253 -1.106360 0.607498 0.591822 1.475387 3.149103
Obj 35.060116 -9.433553 1.747645 3.626396 1.959767 1.532642 0.590283
Obj 21.881628 2.179780 -0.120646 3.152152 2.100271 1.396071 -3.037118
Obj 34.694950 3.794777 -0.303376 0.453820 0.741383 2.031705 -3.208444
Obj 3.854208 -4.010976 -1.087333 0.456835 0.512675 1.486166 2.349614
Obj 1.274761 4.721054 -0.705970 0.702680 0.627150 1.605008 1.384463
Obj 15.037403 2.546074 -0.239330 5.346913 1.801736 2.172117 -0.374844
Obj 7.999875 -4.091739 -0.821237 0.852133 0.728244 1.815739 -0.435473
Obj 13.618440 3.492087 -1.067362 1.870155 0.918003 2.007255 2.812063
Obj 15.576130 2.126248 -0.401871 3.396386 1.776276 1.482986 -1.538038
Obj 49.647449 -4.725941 1.260010 3.476032 1.905927 1.531394 0.144160
Obj 0.775154 -3.952990 -0.813134 1.597088 0.824587 1.787752 -2.937762
Obj 11.022611 2.669601 -0.484737 5.918813 2.137594 2.284637 -0.416948
Obj 14.587427 3.977479 -1.085891 1.852656 0.664606 1.612986 3.236079
Obj 10.086837 -38.756180 -3.076635 1.032641 0.771822 2.240357 2.691556
Obj 15.927038 -39.122375 0.726811 4.466758 1.773259 1.553205 0.817333
Obj 3.474683 -2.639994 -1.140853 0.610370 0.543650 1.458594 2.834263
Obj 41.002258 -5.043679 -0.336780 3.505139 1.447386 1.549565 -2.836547
Obj 8.852122 -38.867893 -4.483690 0.672332 0.527797 1.778609 2.709674
Obj 64.376259 0.764143 -1.574409 3.317614 1.624667 1.517074 -2.091913
Obj 7.711949 -39.131081 -4.801092 2.783973 1.156444 1.266984 3.540914
Obj 27.702286 3.822653 -0.499003 4.930561 2.163414 1.694238 0.339574
Obj 39.580235 2.666396 -1.042133 4.194406 1.600235 1.479782 0.376733
Obj 6.007186 4.570005 -0.696102 1.337059 0.481166 1.568060 -1.457915
Obj 0.662866 4.646344 -0.708716 0.735013 0.589767 1.626586 -0.477029
Obj 9.127666 3.354831 -0.786973 3.812873 2.394793 1.774118 -2.937799
Obj 65.906738 2.823663 -0.223660 3.766389 1.413877 1.799498 -2.034751
Obj 10.664950 3.897985 -0.819065 0.838014 0.603163 1.940486 -1.857099
Obj 0.753547 4.608176 -0.757183 0.851433 0.683435 1.612871 2.037811
Obj 39.782829 -4.357008 -0.091808 0.617518 0.673170 1.631951 -2.841056
Obj 5.186682 4.432863 -0.793789 0.555066 0.567295 1.432909 3.072286
Obj 31.918758 -4.420388 -1.193072 0.796335 0.595083 1.839005 0.103427
Obj 64.871811 2.947611 -0.280260 3.898556 1.512941 1.579286 -2.904235
Obj 1.212654 4.639606 -0.980132 0.708973 0.512243 1.552248 2.019283
Obj 52.933178 1.170572 -1.828229 3.098385 1.307159 1.379859 0.097930
Obj 18.233629 3.363554 -0.485999 0.701393 0.576879 1.670157 -1.772813
Obj 9.767204 4.479395 -1.097743 3.557752 1.600614 1.722190 -1.623498
Obj 23.290237 -5.370800 -0.917426 0.702381 0.582429 1.648997 -2.794672
Obj 19.677639 3.233106 -0.567388 1.639153 0.816984 1.847050 -0.005456
Obj 16.380032 2.229503 -0.515082 2.910938 1.294658 1.390365 -2.639705
Obj 34.583168 3.988406 -0.620737 0.565558 0.749236 1.948845 -3.224345
Obj 28.613880 -4.392157 -1.105527 0.939210 0.641245 1.762876 3.393778
Obj 66.113304 2.168866 -0.521791 3.105346 1.735161 1.568457 -1.749041
Obj 20.059704 3.564591 -0.702746 3.394409 2.208864 1.724138 0.039998
Obj 1.563639 -4.019698 -0.896478 0.570597 0.585793 1.699113 -0.856647
Obj 12.055681 -36.388885 -1.798414 0.457853 0.482462 1.713997 2.317393
Obj 62.692257 4.368404 2.462602 4.144168 2.314780 1.489705 2.900534
Obj 1.137603 -4.076440 -0.789784 0.672604 0.676593 1.629395 0.003070
Obj 2.083008 4.570080 -0.911925 0.729633 0.526419 1.607789 2.802601
Obj 6.476836 4.341486 -1.097573 1.154818 0.441035 1.404371 2.333439
Obj 9.615533 -38.704334 -4.848361 2.247283 1.508104 1.383298 1.840861
Obj 2.885330 -8.595468 -1.249032 0.397157 0.436782 1.429928 1.475795
Obj 12.985186 -36.774132 -2.141902 3.978238 1.648151 1.531356 1.561819
Obj 45.407681 -4.317319 0.668861 0.689723 0.677784 1.791661 0.627817
Obj 7.124259 -22.738728 -3.879849 2.370298 1.714307 1.323398 -0.048228
Obj 62.896439 1.076120 -1.533444 4.019945 1.433926 1.552421 -2.817086
Obj 7.997802 4.522762 -0.473663 4.777247 2.159554 2.115616 -2.552942
Obj 4.809577 4.483237 -0.743251 0.789888 0.626262 1.638210 -1.362896
Obj 39.951328 -3.306086 -0.156220 3.556354 1.642022 1.632156 -2.877209
Obj 56.207993 3.778169 0.597832 0.542409 0.507768 1.539796 0.311881
Obj 56.809086 2.968403 -1.438732 1.491105 0.676502 1.665588 -0.096610
Obj 2.725856 -4.199836 -0.585804 3.428665 2.392622 1.521462 -0.134597
Obj 2.125928 4.971450 -0.525045 3.226542 1.678245 1.417847 0.300617
Obj 2.161574 -3.891118 -0.682745 0.673019 0.930727 1.571711 0.980398
Obj 63.794174 3.369408 -0.389028 4.417854 1.707579 1.855902 -3.070491
Obj 29.409384 -2.477869 -1.387246 3.116205 1.942618 1.426673 -0.305414
Obj 3.981157 4.524030 -0.744739 0.852668 0.540081 1.631720 -1.310034
Obj 64.082375 1.042046 -1.518020 3.390381 1.483598 1.521457 -2.269643
Obj 14.592520 3.557611 -1.103489 1.889488 0.748807 1.725430 -2.611031
Obj 33.436283 -4.631813 -1.317435 3.797688 1.984627 1.584588 -0.767575
Obj 10.381980 -35.848122 -5.208737 3.373606 1.447172 1.618137 2.970505
Obj 16.118244 3.357249 -1.057971 3.646931 1.653376 1.441139 -2.085993
Obj 9.076575 -39.377590 -4.264542 2.776583 1.062467 1.260151 2.038368
Obj 11.247729 -38.377274 -3.218997 3.611653 1.448492 1.573190 2.524471
Obj 15.498775 4.570067 -1.237217 3.092792 1.669515 1.347127 3.374789
Obj 9.848162 -24.375378 -2.454567 2.955166 1.365575 1.475403 3.019770
Obj 19.504705 3.233132 -0.293084 0.463834 0.521824 1.553219 -0.232871
Obj 11.582583 -36.880989 -1.096131 3.590972 1.165638 1.564057 2.476969
Obj 44.597572 0.296988 -1.763672 3.530481 1.385669 1.405009 0.207280
Obj 6.132914 4.412611 -0.793340 1.670670 0.487148 1.463013 1.792426
Obj 4.676134 -1.487951 -1.693883 2.975452 1.897288 1.559047 1.483551
Obj 5.990367 -31.339211 -4.160912 0.632668 0.577935 1.668821 -0.500896
Obj 7.334130 4.059353 -0.420601 0.875414 0.941360 2.100558 -1.275356
Obj 3.509958 -5.095418 -0.837716 4.534460 1.582502 1.854548 -0.130146
Obj 66.985825 2.052535 0.297272 3.633441 1.661213 1.726759 -2.738191
Obj 2.428921 -8.604825 -1.040318 2.399031 0.955970 1.348998 1.192115
Obj 8.022527 4.375746 -0.355715 3.143484 1.766901 1.679104 -0.515568
Obj 10.866714 -2.290054 -0.859115 3.553775 1.840766 1.637411 -0.176531
Obj 22.935501 -4.908010 -0.910526 2.389205 1.901649 1.505881 -0.547539
Obj 53.496681 1.747000 -1.787510 3.679117 1.391697 1.451129 -0.380126
Obj 26.391796 -4.507119 -1.291854 1.353990 0.491449 1.624774 -0.168119
Obj 3.892797 1.830338 -1.160751 0.508242 0.367883 1.434312 -1.973966
Obj 18.659897 2.931174 -1.076309 0.718148 0.517546 1.597586 -2.576414
Obj 10.562151 2.249083 -0.507099 5.547125 1.908645 2.208235 -1.396143
Obj 9.189769 4.110789 -0.495815 1.542177 0.652486 1.658946 -1.564188
Obj 8.658105 -38.965469 -4.631537 0.641275 0.725593 2.033185 2.594512
Obj 19.863785 3.286085 -0.619543 0.705450 0.973835 1.999007 -0.195802
Obj 7.611629 -25.900549 -3.778097 3.960447 2.082416 1.490175 2.994643
Obj 5.330796 -4.002165 -0.199701 0.589078 0.926353 1.726177 2.049956
Obj 25.811974 -3.468871 -1.115159 4.098445 1.762480 1.464880 -0.100326
Obj 68.090538 2.580409 0.353584 4.209945 1.365947 1.790258 -1.851989
Obj 14.296125 2.443865 -0.349201 4.910332 2.083254 2.120918 -0.213414
Obj 20.129534 2.733953 -1.070260 2.922786 1.173599 1.435619 -0.776818
Obj 3.476336 1.518723 -1.922601 1.686189 1.635444 1.316719 -0.815981
Obj 53.123600 1.773796 -1.718267 3.708176 1.391188 1.336561 0.489741
Obj 66.678703 -0.525458 -1.838976 2.950904 1.712189 1.557541 -2.436815
Obj 3.462163 -2.390168 -1.056890 0.509616 0.458402 1.315930 1.479368
Obj 45.399406 -4.095059 0.926446 0.671800 0.632618 1.647120 -0.180130
Obj 24.383512 2.467058 -1.022040 0.729764 0.541753 1.511978 0.610986
Obj 8.042170 -2.209761 -0.965793 3.491818 1.521509 1.401355 0.484065
Obj 3.045713 -3.936272 -0.967356 0.530112 0.538228 1.508540 -2.003540
Obj 12.232985 -36.685966 -2.453066 2.815318 1.663943 1.473385 1.858033
Obj 5.529476 -3.988093 -0.424813 0.601673 1.042708 1.775128 2.257080
Obj 5.768879 -4.029392 -0.613749 0.560688 1.069301 1.771459 1.876948
Obj 10.568075 3.984415 -0.775564 0.679000 0.586447 1.710312 -2.556657
Obj 26.190371 -4.511673 -0.391633 0.528058 0.518601 1.531450 -0.038475
Obj 0.481179 4.207067 -0.640204 0.912653 1.025087 1.685593 3.613263
Obj 54.062984 -1.877905 -2.098513 3.385051 1.560498 1.457735 0.392512
Obj 47.952755 -5.720390 0.941202 3.647916 1.578635 1.716990 -0.544244
Obj 10.534039 -5.074248 0.148261 4.575242 1.672898 1.533245 -0.112230
Obj 64.896950 1.558657 -0.873569 3.647919 1.274719 1.672269 -2.165589
Obj 36.798897 -4.322543 -0.945442 3.481591 1.672689 1.478362 -1.550063
Obj 36.633770 -8.727629 1.193984 3.666910 1.921563 1.554784 0.228869
Obj 23.210022 -4.833927 -0.190340 0.825728 0.817021 2.028262 -1.876384
Obj 1.873133 5.051104 -0.588575 3.475737 1.510047 1.391134 1.210966
Obj 9.103325 4.014679 -0.453406 1.496631 1.054144 1.928042 3.050377
Obj 2.587455 -4.000983 -0.742107 1.547221 0.809707 1.909105 -0.236345
Obj 3.891004 -2.164858 -0.945489 0.701973 0.533777 1.515689 2.637136
Obj 12.630395 -39.151691 0.517082 4.484090 2.047212 2.329408 2.640907
Obj 21.185482 3.113576 -0.812313 0.923715 0.896206 1.909461 2.862215
Obj 6.477098 4.435982 -0.916459 1.675215 0.550884 1.690036 1.983986
Obj 0.734351 4.535649 -0.773219 0.425485 0.532027 1.851167 -1.148380
Obj 16.022999 2.999342 -1.069854 3.539863 1.590115 1.542605 -1.246254
Obj 15.646451 -3.194765 -0.475246 4.019738 1.703175 1.723238 -0.540375
Obj 14.230697 -0.448447 -1.121660 0.832681 0.527863 1.456529 0.792418
Obj 8.449084 -3.519208 -0.912397 4.480500 1.801736 1.838792 -0.176345
Obj 4.877095 -4.044373 -0.511849 0.585205 0.891743 1.755701 2.187784
Obj 68.849152 3.025382 0.752959 3.465765 1.758669 1.551242 -2.055062
Obj 14.106644 -0.832019 -1.063602 0.721164 0.523531 1.474148 -1.661905
Obj 0.839393 4.488331 -0.705543 0.827740 0.735369 1.698241 -1.474604
Obj 10.140124 2.690712 -0.495355 5.494962 1.992270 2.074350 -1.882142
Obj 14.188215 4.191248 -0.967132 1.569178 0.865199 1.856329 3.324436
Obj 6.361210 4.437705 -0.969155 1.110540 0.552939 1.446065 -2.581942
Obj 46.954704 -4.709858 1.032577 1.639665 0.668448 1.686260 0.078752
Obj 0.878787 4.562327 -0.803079 0.586623 0.646517 1.762111 -0.925083
Obj 32.370445 -4.397085 -1.223932 1.852631 0.659922 1.695513 -0.338823
Obj 4.061588 -3.910967 -1.068545 0.442596 0.538453 1.471325 2.020667
Obj 8.630943 4.219879 -0.615454 1.595638 1.073483 2.087654 2.727087
Obj 52.820068 -1.272530 -1.858792 3.590062 1.585686 1.344578 0.485471
Obj 30.197878 2.092709 -1.444492 4.104194 1.695858 1.384616 0.238008
Obj 9.141855 -38.527191 -4.558285 1.177960 0.553400 1.538627 1.791633
Obj 32.361179 0.755259 -1.402864 3.617602 1.512765 1.331226 0.611719
Obj 2.004929 -3.750275 -0.742461 1.875426 0.731258 1.918823 -1.766743
Obj 2.926347 -8.461856 -1.372254 0.687311 0.455371 1.397521 1.108322
Obj 5.889016 4.423219 -0.743583 1.636366 0.493185 1.493763 -1.110759
Obj 5.356397 4.384414 -0.772023 0.651687 0.542518 1.455315 -1.616663
Obj 19.130754 3.331665 -0.898631 1.436346 0.696825 1.708874 -0.425337
Obj 3.252028 -3.922618 -0.842819 0.817944 0.852967 1.803363 -1.352040
Obj 13.640537 2.248301 -0.281399 4.667849 1.699835 2.010823 -1.820657
Obj 42.845367 -5.051191 -0.226833 2.859709 1.602550 1.607957 2.976976
Obj 15.096695 1.247470 -1.434369 0.774704 0.461002 1.453810 3.316163
Obj 68.236168 1.467729 -0.207337 3.515453 1.320600 1.620741 -2.168330
Obj 12.916961 4.671644 -1.173458 3.620100 2.086064 1.504964 3.332313
Obj 3.407832 4.529981 -0.825018 0.858960 0.668409 1.631477 -1.751854
Obj 26.294453 0.388701 -1.564707 3.689807 1.730210 1.379069 0.100121
Obj 4.360023 -4.000344 -0.960246 0.499475 0.600449 1.380981 1.817022
Obj 9.958615 -38.929169 -3.383533 0.747358 0.918099 1.986251 2.770937
Obj 5.534535 4.300747 -0.714169 0.977008 0.727689 1.782935 -1.455265
Obj 42.906116 -2.032071 -2.168587 3.666695 2.128438 1.516653 -0.387335
Obj 0.966901 4.670007 -0.674895 0.738938 0.703005 1.505293 1.649707
Obj 17.750963 3.385383 -0.099274 0.773908 0.547338 1.905704 -1.655740
Obj 39.922504 3.615545 1.230982 3.000260 1.657862 1.444551 -0.153766
Obj 4.386584 4.686315 -0.848664 0.584681 0.477759 1.355511 -1.505210
Obj 5.178688 -4.063632 -0.799554 0.800077 0.845209 1.658740 -1.280079
Obj 50.928551 2.905150 -1.392398 2.577548 1.702834 1.514572 0.084437
Obj 8.232725 -39.072464 -4.424046 3.935631 1.498113 1.738995 2.438620
Obj 12.754906 3.894947 -0.945342 1.408199 0.931289 1.838081 3.060021
Obj 58.952133 2.407724 -0.324862 3.365208 1.629866 1.541852 2.709392
Obj 0.903639 -4.114275 -0.636507 4.762511 1.275272 1.754358 -0.131850
Obj 36.914017 3.037595 -1.786438 1.445561 0.465217 1.607704 -0.292585
Obj 2.515879 -7.093992 -0.980241 0.823771 0.545865 1.585613 0.660519
Obj 2.925843 -8.426441 -1.480098 0.339523 0.690562 1.411230 1.705076
Obj 66.428261 2.826266 0.031666 3.177052 1.696994 1.633205 -2.860993
Obj 65.432632 0.405531 -1.477825 3.364783 1.198036 1.575096 -2.221188
Obj 1.973100 4.479545 -0.727103 0.775775 0.629790 1.704771 -1.473966
Obj 57.072643 2.756156 -0.841340 1.339527 0.580904 1.638760 -1.959473
Obj 1.719870 -3.797438 -0.824328 1.766171 0.813590 2.018164 -3.218182
Obj 10.590388 -3.976399 -0.415444 4.322989 2.553542 1.839612 -0.452173
Obj 16.245567 2.684422 -0.238990 1.880241 0.892636 2.036257 -1.401155
Obj 4.542620 -3.994740 -0.546228 0.655767 0.971207 1.750870 2.360195
Obj 46.754284 -9.100283 1.394522 2.964073 2.258259 1.627449 -1.704118
Obj 20.580950 2.289165 -1.133751 3.657882 1.457145 1.361111 -2.629016
Obj 7.653419 4.203380 -0.366159 4.562229 2.197018 1.995547 -1.229359
Obj 2.594930 4.232727 -0.733638 0.719363 0.935864 1.503889 -2.678492
Obj 47.956451 -6.360379 1.212905 3.214166 1.609606 1.458113 -0.522620
Obj 56.891014 2.804909 -0.754668 0.534441 0.474460 1.409885 0.199070
Obj 65.005470 2.669196 -0.590459 4.321888 1.326119 1.904502 -2.215755
Obj 14.018109 -1.411103 -1.549837 0.646598 0.553086 1.566248 1.432638
Obj 9.995749 1.651825 -1.226804 0.650363 0.411805 1.261271 0.985389
Obj 2.029992 -3.709578 -0.780464 1.778590 0.771405 1.892256 -2.257604
Obj 27.042841 2.131385 -1.264456 3.100791 1.749389 1.227182 0.087130
Obj 16.481695 3.236608 -1.135431 1.341051 0.591732 1.586249 -2.272264
Obj 6.271583 -4.053133 -0.606186 0.721346 0.850358 1.734856 2.283059
Obj 33.246410 -6.203230 0.305738 3.009866 1.482248 1.436598 -0.545114
Obj 1.250499 5.061298 -0.668848 3.080738 1.131976 1.296378 2.162965
Obj 9.337734 4.031302 -0.321286 1.613140 0.774811 2.027840 -1.249513
Obj 2.533806 -3.955245 -0.650529 0.832196 1.227523 2.010098 3.084913
Obj 37.824020 2.937713 -1.148092 0.815662 0.555522 1.785295 0.201003
Obj 5.850855 4.280301 -0.913725 1.325358 0.479496 1.308305 -1.110579
Obj 4.106667 -1.368718 -1.094309 0.598498 0.465318 1.355085 2.061838
Obj 10.249256 3.159667 -0.794806 3.904419 1.689379 1.536992 -2.987143
Obj 9.907325 4.006300 -0.612562 1.894631 0.787124 1.783038 -1.699393
Obj 5.073893 -3.997522 -0.600847 0.667732 0.930153 1.816003 1.483030
Obj 47.409714 -6.582563 1.349774 3.770186 1.686723 1.621165 -0.976241
Obj 57.059799 2.694457 -0.700274 1.154301 0.502101 1.481058 3.517352
Obj 5.662257 4.373579 -0.763965 0.782893 0.498864 1.424553 -1.084876
Obj 14.304516 3.785661 -1.206734 1.413268 0.636321 1.715213 -2.333628
Obj 69.056900 2.729714 2.515772 4.052219 1.525859 1.564794 -3.029857
Obj 9.617393 4.001144 -0.567066 1.764075 0.782927 1.759383 -1.551933
Obj 4.598981 4.538370 -0.752227 0.742949 0.622732 1.590476 -1.598511
Obj 8.574006 -23.818817 -2.870943 2.730135 1.124878 1.418519 2.078031
Obj 2.351632 -5.134700 -2.183803 2.450115 1.422482 1.486546 2.701579
Obj 9.494285 2.984825 -0.613517 3.620554 1.672232 1.468822 -1.962326
Obj 6.800044 4.391716 -0.778189 1.339143 0.557232 1.687759 1.995299
Obj 17.018763 3.325801 -0.714615 3.198786 1.494704 1.577981 -0.656079
Obj 5.991992 3.906899 -0.492858 2.888762 1.167498 1.143108 1.438921
Obj 53.531414 1.748728 -1.833926 3.944117 1.896001 1.470855 -1.061050
Obj 36.374928 3.205783 -1.027101 2.392666 1.783180 1.517479 0.033014
Obj 25.295256 3.299506 -0.942547 0.916751 0.504239 1.847284 0.105659
Obj 15.813832 -4.240493 -0.560401 0.508813 0.686651 1.599648 0.374255
Obj 9.212678 -24.257311 -2.267412 2.511177 1.280509 1.433315 1.452254
Obj 34.985851 3.204503 -1.153792 0.673157 0.637344 1.729342 3.559936
Obj 17.262766 2.379254 -1.085903 3.685118 1.435912 1.431892 -2.022935
Obj 14.633133 3.943981 -1.025770 1.495882 0.476712 1.525633 -2.401525
Obj 17.816284 3.870892 -1.029483 3.667303 2.367785 1.726344 -0.275103
Obj 32.175949 1.690438 -1.412339 3.293582 1.538327 1.252939 0.229334
Obj 2.202907 -3.806242 -0.720211 2.054838 0.818447 2.061955 -1.670451
Obj 38.260891 3.496927 0.805188 3.150951 1.647296 1.433471 0.389313
Obj 70.117493 2.978077 2.314919 2.983950 1.394561 1.330934 -1.591547
Obj 12.686605 3.594918 -0.280009 1.728005 0.874651 1.970186 0.452021
